NAME : egl-g1-B
VERTICES : 255
EDG_REQ : 347
EDG_NONREQ : 28
VEHICLES : 25
CAPACITY : 22800
DEPOT : 0
STARTTIME : 0
ENDTIME : 420
SERVICE_SPEED_FACTOR : 0.70
[NETWORK_DATA]
0 4 7 1860 7 [ 21 42 63 231 273 336 ] [ 0.68 0.82 1.25 1.08 1.01 0.99 0.79 ]
4 0 7 1860 7 [ 42 168 231 294 315 378 ] [ 0.67 0.95 1.05 0.99 1.27 0.88 0.80 ]
4 5 3 556 7 [ 21 105 210 252 336 399 ] [ 0.79 1.00 1.27 0.91 1.06 0.88 0.89 ]
5 4 3 556 7 [ 21 63 126 210 336 399 ] [ 0.76 0.99 1.26 1.06 1.02 0.88 0.81 ]
5 6 4 821 7 [ 63 126 147 168 231 357 ] [ 0.62 0.82 1.04 1.03 1.22 0.94 0.84 ]
6 5 4 821 7 [ 105 147 168 189 252 273 ] [ 0.80 0.91 1.18 0.94 1.16 0.97 0.62 ]
6 7 3 606 7 [ 63 210 294 336 378 399 ] [ 0.77 0.95 1.24 1.05 1.09 0.86 0.63 ]
7 6 3 606 7 [ 42 63 168 252 315 399 ] [ 0.62 0.91 1.16 0.97 1.24 0.89 0.65 ]
7 8 8 2195 7 [ 42 84 126 252 294 399 ] [ 0.76 0.88 1.30 0.91 1.19 0.87 0.81 ]
8 7 8 2195 7 [ 21 63 168 273 294 399 ] [ 0.80 0.92 1.01 1.03 1.04 0.98 0.81 ]
8 9 2 282 7 [ 42 63 105 315 336 378 ] [ 0.70 0.99 1.05 1.04 1.25 0.95 0.90 ]
9 8 2 282 7 [ 21 84 147 168 210 399 ] [ 0.72 0.82 1.16 0.95 1.20 0.88 0.67 ]
9 10 7 1834 7 [ 21 42 210 273 294 378 ] [ 0.87 0.86 1.06 1.07 1.18 0.83 0.75 ]
10 9 7 1834 7 [ 21 126 231 315 336 399 ] [ 0.81 0.91 1.26 0.91 1.24 0.92 0.61 ]
10 11 5 1109 7 [ 42 168 210 315 378 399 ] [ 0.84 0.89 1.15 0.99 1.10 0.86 0.79 ]
11 10 5 1109 7 [ 21 84 147 252 357 378 ] [ 0.74 0.92 1.04 0.98 1.00 0.94 0.61 ]
11 12 3 591 7 [ 168 189 210 273 357 399 ] [ 0.77 0.97 1.08 1.05 1.15 0.94 0.70 ]
12 11 3 591 7 [ 21 84 168 252 357 399 ] [ 0.82 0.93 1.26 1.06 1.15 0.95 0.68 ]
12 13 12 3357 7 [ 63 84 105 126 273 399 ] [ 0.76 0.96 1.13 0.92 1.11 0.94 0.79 ]
13 12 12 3357 7 [ 105 126 147 168 210 399 ] [ 0.83 0.96 1.26 1.01 1.07 0.94 0.74 ]
13 14 8 1922 7 [ 189 231 294 315 357 378 ] [ 0.77 0.98 1.21 0.99 1.27 0.97 0.70 ]
14 13 8 1922 7 [ 126 210 294 315 357 378 ] [ 0.60 0.97 1.13 1.08 1.26 0.93 0.74 ]
4 15 2 390 7 [ 42 63 210 273 378 399 ] [ 0.79 0.81 1.04 0.97 1.06 0.85 0.80 ]
15 4 2 390 7 [ 21 84 126 189 252 336 ] [ 0.71 0.89 1.08 1.01 1.12 0.94 0.84 ]
15 16 2 221 7 [ 63 105 147 273 294 315 ] [ 0.74 0.85 1.16 0.93 1.08 0.89 0.66 ]
16 15 2 221 7 [ 21 126 168 210 252 378 ] [ 0.84 0.82 1.21 1.05 1.25 0.89 0.81 ]
16 17 2 318 7 [ 84 105 147 168 189 273 ] [ 0.89 0.92 1.05 1.01 1.17 0.92 0.71 ]
17 16 2 318 7 [ 21 42 126 252 357 399 ] [ 0.64 0.93 1.24 1.09 1.22 0.81 0.78 ]
5 17 2 429 7 [ 21 63 210 336 378 399 ] [ 0.72 0.87 1.05 0.91 1.12 0.90 0.77 ]
17 5 2 429 7 [ 147 168 294 336 378 399 ] [ 0.62 0.80 1.02 0.93 1.03 0.86 0.84 ]
17 18 3 717 7 [ 63 168 189 231 273 378 ] [ 0.72 0.92 1.21 0.93 1.14 0.86 0.79 ]
18 17 3 717 7 [ 168 189 252 294 336 378 ] [ 0.65 0.83 1.25 1.07 1.10 0.87 0.90 ]
6 18 3 503 7 [ 42 63 105 189 231 273 ] [ 0.72 0.87 1.09 1.06 1.17 0.98 0.63 ]
18 6 3 503 7 [ 21 84 105 231 252 378 ] [ 0.87 0.88 1.27 1.05 1.21 0.83 0.84 ]
15 19 4 960 7 [ 63 105 168 231 273 357 ] [ 0.80 0.94 1.17 0.91 1.06 0.91 0.90 ]
19 15 4 960 7 [ 21 42 84 105 294 399 ] [ 0.69 0.97 1.09 1.04 1.28 0.85 0.69 ]
19 20 3 669 7 [ 42 84 168 231 273 336 ] [ 0.79 0.83 1.04 0.97 1.16 0.95 0.82 ]
20 19 3 669 7 [ 84 126 168 294 336 399 ] [ 0.62 0.96 1.12 1.03 1.18 0.96 0.86 ]
18 20 3 460 7 [ 84 105 147 252 378 399 ] [ 0.63 0.85 1.22 0.93 1.02 0.91 0.82 ]
20 18 3 460 7 [ 168 210 294 315 378 399 ] [ 0.73 0.94 1.27 1.06 1.23 0.82 0.70 ]
19 21 3 519 7 [ 42 126 147 168 210 336 ] [ 0.71 0.83 1.14 0.91 1.18 0.81 0.67 ]
21 19 3 519 7 [ 147 189 210 252 273 378 ] [ 0.81 0.84 1.15 0.97 1.01 0.90 0.82 ]
21 22 3 463 7 [ 126 252 315 336 357 399 ] [ 0.81 0.93 1.22 0.92 1.10 0.97 0.63 ]
22 21 3 463 7 [ 21 147 210 315 336 378 ] [ 0.73 0.97 1.21 0.95 1.25 0.86 0.78 ]
20 22 4 985 7 [ 231 252 336 357 378 399 ] [ 0.80 0.92 1.29 1.03 1.15 0.80 0.68 ]
22 20 4 985 7 [ 63 84 147 294 378 399 ] [ 0.88 0.99 1.20 1.00 1.07 0.93 0.74 ]
21 23 3 528 7 [ 84 147 210 231 336 378 ] [ 0.68 0.91 1.03 0.96 1.10 0.92 0.83 ]
23 21 3 528 7 [ 21 42 189 210 273 315 ] [ 0.67 0.81 1.02 1.00 1.16 0.97 0.81 ]
22 23 3 479 7 [ 168 210 231 252 336 357 ] [ 0.79 0.94 1.28 0.90 1.16 0.82 0.79 ]
23 22 3 479 7 [ 63 126 168 252 273 336 ] [ 0.66 0.89 1.05 1.05 1.17 0.82 0.86 ]
23 24 6 1561 7 [ 42 84 105 147 273 315 ] [ 0.79 0.99 1.23 1.06 1.18 0.88 0.73 ]
24 23 6 1561 7 [ 21 63 126 294 336 399 ] [ 0.90 0.90 1.22 0.99 1.19 0.88 0.61 ]
20 25 3 681 7 [ 84 105 126 189 210 294 ] [ 0.81 0.92 1.04 0.94 1.02 0.99 0.78 ]
25 20 3 681 7 [ 42 63 84 147 189 378 ] [ 0.72 1.00 1.24 0.99 1.01 1.00 0.82 ]
7 25 5 1063 7 [ 105 147 168 210 273 378 ] [ 0.74 0.99 1.30 1.09 1.07 0.97 0.82 ]
25 7 5 1063 7 [ 21 168 252 273 315 336 ] [ 0.66 0.83 1.14 0.96 1.27 1.00 0.61 ]
6 254 4 991 7 [ 21 42 189 252 336 357 ] [ 0.61 0.83 1.16 0.99 1.08 0.96 0.83 ]
254 6 4 991 7 [ 21 168 231 273 294 357 ] [ 0.69 0.82 1.14 1.00 1.16 0.98 0.69 ]
25 26 4 969 7 [ 126 147 210 273 336 399 ] [ 0.85 0.80 1.18 0.97 1.19 0.84 0.69 ]
26 25 4 969 7 [ 21 63 126 168 231 336 ] [ 0.67 0.97 1.09 0.91 1.05 0.87 0.74 ]
22 27 6 1471 7 [ 105 147 210 252 315 336 ] [ 0.87 0.95 1.12 0.95 1.26 0.95 0.79 ]
27 22 6 1471 7 [ 21 63 147 168 189 315 ] [ 0.72 0.95 1.28 0.95 1.11 0.92 0.86 ]
26 27 3 590 7 [ 84 168 315 336 378 399 ] [ 0.79 0.91 1.11 0.98 1.08 0.82 0.80 ]
27 26 3 590 7 [ 63 126 147 189 273 399 ] [ 0.66 0.89 1.07 0.98 1.12 0.85 0.69 ]
26 28 3 720 7 [ 21 84 168 336 357 378 ] [ 0.73 0.92 1.19 1.07 1.02 0.83 0.78 ]
28 26 3 720 7 [ 21 126 210 273 294 399 ] [ 0.76 0.80 1.22 1.02 1.14 0.98 0.61 ]
27 28 4 819 7 [ 42 105 147 168 189 273 ] [ 0.76 0.83 1.24 0.93 1.06 0.99 0.64 ]
28 27 4 819 7 [ 63 105 210 231 252 294 ] [ 0.68 0.87 1.29 0.92 1.20 0.99 0.71 ]
8 28 4 794 7 [ 126 168 189 231 357 378 ] [ 0.73 0.93 1.25 0.93 1.06 0.95 0.63 ]
28 8 4 794 7 [ 21 42 168 210 336 399 ] [ 0.88 0.90 1.01 1.05 1.18 0.90 0.71 ]
8 254 3 637 7 [ 21 42 84 168 252 378 ] [ 0.72 0.83 1.02 1.07 1.27 0.80 0.64 ]
254 8 3 637 7 [ 42 63 168 189 273 357 ] [ 0.69 0.93 1.15 1.08 1.00 0.94 0.85 ]
9 29 3 498 7 [ 147 231 273 315 357 378 ] [ 0.66 0.86 1.16 0.98 1.17 0.82 0.78 ]
29 9 3 498 7 [ 105 168 231 273 294 336 ] [ 0.89 0.95 1.01 0.97 1.14 0.85 0.81 ]
28 30 3 559 7 [ 21 42 105 126 189 399 ] [ 0.74 0.89 1.06 1.02 1.09 0.90 0.86 ]
30 28 3 559 7 [ 105 126 168 210 315 336 ] [ 0.74 0.89 1.13 1.00 1.16 0.92 0.85 ]
30 29 2 383 7 [ 42 63 126 147 336 399 ] [ 0.84 0.81 1.22 0.97 1.03 0.97 0.67 ]
29 30 2 383 7 [ 63 105 126 189 294 336 ] [ 0.70 0.94 1.23 1.09 1.22 0.98 0.87 ]
30 31 7 1671 7 [ 21 84 105 189 210 273 ] [ 0.86 0.82 1.04 0.93 1.03 0.95 0.65 ]
31 30 7 1671 7 [ 147 189 210 231 273 399 ] [ 0.71 0.89 1.12 0.94 1.19 0.87 0.79 ]
31 32 2 420 7 [ 147 210 273 294 336 357 ] [ 0.78 0.90 1.20 0.98 1.06 0.81 0.62 ]
32 31 2 420 7 [ 231 252 273 315 357 399 ] [ 0.61 0.97 1.15 0.92 1.24 0.94 0.88 ]
29 32 6 1373 7 [ 84 105 189 273 315 399 ] [ 0.83 0.94 1.22 0.98 1.07 0.92 0.68 ]
32 29 6 1373 7 [ 21 42 105 147 168 189 ] [ 0.74 0.85 1.18 1.02 1.10 0.98 0.70 ]
32 10 1 130 7 [ 84 189 294 357 378 399 ] [ 0.75 0.93 1.28 0.90 1.05 0.98 0.78 ]
10 32 1 130 7 [ 42 126 147 168 273 336 ] [ 0.70 0.81 1.15 0.97 1.21 0.98 0.61 ]
31 33 3 546 7 [ 84 168 189 294 315 399 ] [ 0.88 0.87 1.28 1.04 1.03 0.92 0.88 ]
33 31 3 546 7 [ 21 42 63 84 273 336 ] [ 0.74 0.85 1.24 0.98 1.24 0.96 0.67 ]
33 34 3 510 7 [ 105 147 189 210 315 399 ] [ 0.89 0.97 1.25 1.01 1.04 0.88 0.85 ]
34 33 3 510 7 [ 63 84 126 252 294 357 ] [ 0.73 0.83 1.04 0.97 1.26 0.94 0.87 ]
34 35 2 363 7 [ 84 147 231 273 357 378 ] [ 0.86 0.89 1.03 0.95 1.05 0.90 0.67 ]
35 34 2 363 7 [ 42 63 231 294 336 378 ] [ 0.78 0.91 1.09 1.08 1.02 0.82 0.63 ]
35 32 2 424 7 [ 21 42 168 252 273 399 ] [ 0.84 0.99 1.23 1.06 1.22 0.82 0.66 ]
32 35 2 424 7 [ 42 63 189 210 252 399 ] [ 0.73 0.89 1.05 1.00 1.18 0.86 0.65 ]
35 11 3 673 7 [ 21 42 63 168 210 399 ] [ 0.81 0.95 1.18 0.95 1.13 0.92 0.86 ]
11 35 3 673 7 [ 21 147 189 273 294 315 ] [ 0.62 0.92 1.23 0.93 1.14 0.91 0.62 ]
34 36 4 894 7 [ 21 63 126 273 294 336 ] [ 0.65 0.83 1.12 0.94 1.20 0.91 0.67 ]
36 34 4 894 7 [ 21 147 252 273 294 336 ] [ 0.69 0.81 1.20 1.09 1.16 0.96 0.61 ]
36 12 2 226 7 [ 63 210 231 294 315 399 ] [ 0.77 0.85 1.28 0.96 1.04 0.96 0.83 ]
12 36 2 226 7 [ 42 147 315 336 357 378 ] [ 0.74 0.85 1.12 1.01 1.06 0.85 0.88 ]
37 38 8 2022 7 [ 42 63 126 147 189 315 ] [ 0.64 0.98 1.18 1.07 1.10 1.00 0.67 ]
38 37 8 2022 7 [ 21 42 210 252 273 336 ] [ 0.78 0.97 1.21 1.10 1.18 0.81 0.82 ]
38 39 4 747 7 [ 21 105 252 273 294 315 ] [ 0.67 0.82 1.11 1.05 1.06 0.87 0.78 ]
39 38 4 747 7 [ 84 126 168 315 357 399 ] [ 0.83 0.96 1.12 1.08 1.10 0.84 0.84 ]
38 40 9 2431 7 [ 84 105 147 273 336 378 ] [ 0.86 0.81 1.26 1.00 1.14 0.87 0.63 ]
40 38 9 2431 7 [ 42 63 105 126 147 357 ] [ 0.88 0.82 1.04 0.98 1.15 0.98 0.72 ]
40 33 10 2533 7 [ 63 84 189 294 315 336 ] [ 0.83 0.82 1.08 1.00 1.19 0.95 0.86 ]
33 40 10 2533 7 [ 126 147 189 231 294 315 ] [ 0.88 0.99 1.29 1.04 1.18 0.90 0.69 ]
38 41 13 3644 7 [ 84 147 252 273 294 378 ] [ 0.86 0.89 1.07 1.03 1.30 0.88 0.87 ]
41 38 13 3644 7 [ 42 210 231 252 273 399 ] [ 0.77 0.80 1.19 1.00 1.16 0.98 0.75 ]
41 42 3 605 7 [ 21 63 168 189 252 378 ] [ 0.63 0.91 1.24 0.99 1.20 0.93 0.89 ]
42 41 3 605 7 [ 21 42 105 126 231 315 ] [ 0.89 0.94 1.13 1.07 1.28 0.81 0.67 ]
40 42 14 3742 7 [ 105 147 168 294 315 336 ] [ 0.72 0.98 1.01 1.04 1.02 0.92 0.64 ]
42 40 14 3742 7 [ 21 84 147 273 336 378 ] [ 0.70 0.88 1.22 0.97 1.18 0.89 0.80 ]
42 43 3 666 7 [ 42 105 126 210 273 336 ] [ 0.87 0.91 1.21 0.99 1.26 0.83 0.73 ]
43 42 3 666 7 [ 21 105 189 210 357 399 ] [ 0.65 0.87 1.17 1.04 1.03 0.87 0.73 ]
36 43 18 5067 7 [ 21 63 126 168 378 399 ] [ 0.60 0.85 1.21 0.91 1.14 0.86 0.68 ]
43 36 18 5067 7 [ 63 189 210 231 357 399 ] [ 0.78 0.84 1.13 1.08 1.13 0.96 0.81 ]
13 43 13 3407 7 [ 21 42 63 231 273 336 ] [ 0.67 0.85 1.23 1.05 1.14 0.85 0.61 ]
43 13 13 3407 7 [ 63 189 210 252 336 399 ] [ 0.88 0.94 1.19 1.09 1.05 0.85 0.86 ]
14 44 6 1414 7 [ 42 63 105 168 210 336 ] [ 0.90 0.94 1.14 1.04 1.10 0.89 0.88 ]
44 14 6 1414 7 [ 84 147 168 231 315 378 ] [ 0.84 0.92 1.20 1.05 1.26 0.89 0.80 ]
44 45 10 2781 7 [ 42 105 126 168 231 252 ] [ 0.61 0.98 1.04 1.10 1.17 0.93 0.72 ]
45 44 10 2781 7 [ 126 168 210 273 336 378 ] [ 0.71 0.81 1.11 0.93 1.16 0.95 0.83 ]
45 46 4 844 7 [ 84 147 189 273 315 399 ] [ 0.78 0.80 1.16 0.97 1.21 0.84 0.70 ]
46 45 4 844 7 [ 126 147 210 294 315 336 ] [ 0.61 0.99 1.16 0.93 1.18 0.85 0.73 ]
45 47 4 774 7 [ 21 84 252 273 315 357 ] [ 0.72 0.94 1.05 1.01 1.19 0.95 0.76 ]
47 45 4 774 7 [ 63 84 126 294 336 378 ] [ 0.63 0.91 1.22 0.91 1.26 0.84 0.84 ]
47 48 3 553 7 [ 21 105 189 252 294 315 ] [ 0.67 0.94 1.26 0.92 1.26 0.99 0.87 ]
48 47 3 553 7 [ 21 126 210 273 294 336 ] [ 0.89 0.82 1.24 0.94 1.24 0.94 0.69 ]
45 48 5 1231 7 [ 21 210 231 273 336 399 ] [ 0.78 0.88 1.18 1.01 1.06 0.86 0.86 ]
48 45 5 1231 7 [ 84 147 168 294 315 399 ] [ 0.89 0.92 1.26 1.07 1.04 0.88 0.66 ]
48 49 5 1041 7 [ 21 63 147 210 252 315 ] [ 0.90 0.87 1.23 0.93 1.21 0.93 0.80 ]
49 48 5 1041 7 [ 189 210 252 315 336 378 ] [ 0.88 0.85 1.15 1.09 1.29 0.82 0.76 ]
49 50 6 1486 7 [ 21 210 231 273 315 357 ] [ 0.77 0.97 1.03 1.00 1.15 0.85 0.76 ]
50 49 6 1486 7 [ 42 105 126 147 294 378 ] [ 0.85 0.84 1.27 0.92 1.22 0.91 0.77 ]
50 51 5 1190 7 [ 42 105 252 294 336 378 ] [ 0.64 0.98 1.11 1.04 1.05 0.92 0.63 ]
51 50 5 1190 7 [ 21 84 105 126 147 210 ] [ 0.61 0.81 1.25 0.93 1.27 0.81 0.80 ]
51 52 5 1254 7 [ 105 126 168 231 252 399 ] [ 0.77 0.94 1.30 0.94 1.17 0.80 0.85 ]
52 51 5 1254 7 [ 21 84 126 168 252 315 ] [ 0.63 0.99 1.13 1.01 1.20 0.83 0.61 ]
52 53 3 468 7 [ 63 84 105 168 336 378 ] [ 0.72 0.90 1.23 1.00 1.21 0.87 0.66 ]
53 52 3 468 7 [ 126 147 168 273 315 399 ] [ 0.75 0.91 1.21 1.04 1.24 0.91 0.69 ]
53 54 2 230 7 [ 21 42 231 273 357 378 ] [ 0.61 0.85 1.28 1.02 1.10 0.93 0.62 ]
54 53 2 230 7 [ 21 84 126 147 189 315 ] [ 0.89 0.85 1.16 0.99 1.04 0.82 0.87 ]
54 41 7 1871 7 [ 21 63 147 210 231 294 ] [ 0.79 0.85 1.24 1.03 1.27 0.92 0.76 ]
41 54 7 1871 7 [ 21 105 168 294 336 357 ] [ 0.73 0.99 1.15 1.04 1.18 0.88 0.88 ]
54 52 3 662 7 [ 42 126 168 189 336 399 ] [ 0.76 1.00 1.20 0.90 1.18 0.86 0.74 ]
52 54 3 662 7 [ 42 105 189 231 294 357 ] [ 0.77 0.87 1.11 0.96 1.27 0.99 0.79 ]
43 53 6 1559 7 [ 84 105 126 147 168 399 ] [ 0.64 0.84 1.10 1.03 1.21 0.86 0.77 ]
53 43 6 1559 7 [ 21 126 147 210 231 273 ] [ 0.68 0.96 1.12 1.05 1.23 0.91 0.89 ]
52 55 3 545 7 [ 63 84 189 273 294 399 ] [ 0.86 0.99 1.21 0.97 1.30 0.82 0.69 ]
55 52 3 545 7 [ 84 105 231 294 315 378 ] [ 0.88 0.85 1.14 0.91 1.10 0.93 0.76 ]
55 56 2 341 7 [ 21 63 84 126 252 336 ] [ 0.77 0.95 1.13 0.97 1.21 0.86 0.75 ]
56 55 2 341 7 [ 84 147 189 210 273 357 ] [ 0.69 0.85 1.22 1.09 1.05 0.97 0.70 ]
56 57 2 422 7 [ 21 105 273 357 378 399 ] [ 0.66 0.84 1.09 0.93 1.19 0.92 0.76 ]
57 56 2 422 7 [ 21 84 168 189 294 357 ] [ 0.86 0.92 1.02 1.03 1.29 0.93 0.82 ]
55 57 2 332 7 [ 21 105 147 252 273 336 ] [ 0.86 0.98 1.03 0.96 1.09 0.93 0.78 ]
57 55 2 332 7 [ 42 84 126 168 336 357 ] [ 0.66 0.93 1.10 0.94 1.05 1.00 0.81 ]
57 58 2 324 7 [ 42 147 189 252 273 336 ] [ 0.83 0.97 1.22 0.98 1.22 0.82 0.78 ]
58 57 2 324 7 [ 21 105 126 252 336 357 ] [ 0.68 0.90 1.15 0.98 1.18 0.90 0.79 ]
58 51 3 502 7 [ 84 126 273 315 357 399 ] [ 0.70 0.92 1.06 1.05 1.13 0.83 0.90 ]
51 58 3 502 7 [ 42 210 231 294 378 399 ] [ 0.78 0.82 1.26 1.01 1.10 0.95 0.63 ]
58 59 2 358 7 [ 42 63 105 147 252 294 ] [ 0.79 0.95 1.25 1.06 1.08 0.98 0.80 ]
59 58 2 358 7 [ 21 105 231 315 357 378 ] [ 0.87 0.98 1.23 0.92 1.15 0.89 0.69 ]
50 59 5 1076 7 [ 105 168 231 273 315 399 ] [ 0.77 0.93 1.04 0.96 1.21 0.93 0.88 ]
59 50 5 1076 7 [ 21 105 147 168 189 273 ] [ 0.86 0.90 1.05 0.98 1.29 0.95 0.69 ]
56 60 2 368 7 [ 147 252 273 315 378 399 ] [ 0.84 0.87 1.28 0.92 1.03 0.90 0.88 ]
60 56 2 368 7 [ 42 63 105 210 273 336 ] [ 0.73 0.89 1.15 1.06 1.16 0.99 0.84 ]
60 61 2 376 7 [ 63 105 189 210 231 252 ] [ 0.63 0.82 1.19 0.99 1.15 0.89 0.81 ]
61 60 2 376 7 [ 63 84 105 147 252 294 ] [ 0.80 0.96 1.10 1.07 1.15 0.84 0.64 ]
61 62 7 1669 7 [ 21 42 210 252 357 399 ] [ 0.62 0.89 1.18 0.94 1.13 0.90 0.83 ]
62 61 7 1669 7 [ 42 84 168 189 231 399 ] [ 0.73 0.88 1.19 1.05 1.21 0.91 0.61 ]
59 63 5 1123 7 [ 42 63 126 168 210 231 ] [ 0.81 0.83 1.30 1.02 1.00 0.84 0.89 ]
63 59 5 1123 7 [ 42 63 105 168 315 378 ] [ 0.85 0.82 1.04 0.97 1.09 0.87 0.75 ]
63 64 3 520 7 [ 63 84 252 273 294 378 ] [ 0.74 0.83 1.02 0.99 1.23 0.93 0.70 ]
64 63 3 520 7 [ 21 42 63 105 273 336 ] [ 0.73 0.97 1.17 0.92 1.02 0.81 0.72 ]
64 65 9 2332 7 [ 21 105 147 168 273 357 ] [ 0.78 0.83 1.09 1.08 1.21 0.83 0.60 ]
65 64 9 2332 7 [ 42 168 210 273 378 399 ] [ 0.81 0.88 1.03 1.06 1.01 0.97 0.61 ]
65 3 10 2562 7 [ 126 231 252 294 378 399 ] [ 0.90 0.93 1.03 1.04 1.27 0.84 0.79 ]
3 65 10 2562 7 [ 126 189 210 231 315 378 ] [ 0.63 0.93 1.02 0.98 1.26 0.89 0.63 ]
3 49 8 2191 7 [ 21 84 126 252 315 399 ] [ 0.81 0.88 1.06 1.07 1.27 0.83 0.87 ]
49 3 8 2191 7 [ 63 168 189 252 294 315 ] [ 0.69 0.99 1.20 1.01 1.06 0.99 0.76 ]
3 47 4 874 7 [ 21 84 126 168 210 357 ] [ 0.72 1.00 1.17 1.08 1.01 0.95 0.75 ]
47 3 4 874 7 [ 42 147 210 315 336 378 ] [ 0.71 0.82 1.06 1.02 1.13 0.94 0.74 ]
67 68 7 1781 7 [ 21 147 231 252 294 357 ] [ 0.81 0.98 1.10 1.02 1.04 0.98 0.69 ]
68 67 7 1781 7 [ 21 105 210 231 273 357 ] [ 0.75 0.97 1.26 0.91 1.20 0.87 0.76 ]
68 69 5 1101 7 [ 42 63 252 294 357 399 ] [ 0.79 0.95 1.06 0.95 1.06 0.92 0.72 ]
69 68 5 1101 7 [ 84 168 210 273 315 357 ] [ 0.71 0.83 1.15 1.04 1.18 0.98 0.80 ]
68 70 3 563 7 [ 21 147 168 231 273 399 ] [ 0.87 0.87 1.23 0.98 1.09 0.97 0.75 ]
70 68 3 563 7 [ 105 189 231 273 294 378 ] [ 0.61 0.86 1.17 0.95 1.24 0.82 0.77 ]
69 70 4 984 7 [ 21 84 147 252 315 378 ] [ 0.83 0.92 1.15 1.07 1.27 1.00 0.75 ]
70 69 4 984 7 [ 63 105 147 189 210 231 ] [ 0.64 0.91 1.19 1.03 1.16 0.93 0.70 ]
69 62 11 2931 7 [ 42 84 105 168 189 294 ] [ 0.66 0.94 1.19 0.93 1.13 0.91 0.82 ]
62 69 11 2931 7 [ 105 147 168 252 273 378 ] [ 0.69 0.91 1.08 1.02 1.29 0.93 0.72 ]
70 71 6 1613 7 [ 63 126 210 252 336 399 ] [ 0.77 0.90 1.12 1.00 1.10 0.81 0.74 ]
71 70 6 1613 7 [ 63 84 189 273 294 378 ] [ 0.75 0.96 1.19 1.07 1.27 0.83 0.80 ]
71 72 11 2954 7 [ 42 84 147 168 336 378 ] [ 0.77 0.93 1.19 1.09 1.14 0.89 0.85 ]
72 71 11 2954 7 [ 21 63 210 252 378 399 ] [ 0.85 0.84 1.06 0.96 1.07 0.96 0.87 ]
72 73 3 577 7 [ 84 168 189 231 252 399 ] [ 0.75 0.88 1.27 0.93 1.24 0.99 0.88 ]
73 72 3 577 7 [ 42 105 189 273 336 378 ] [ 0.87 0.92 1.17 1.03 1.01 0.95 0.60 ]
61 73 12 3309 7 [ 84 147 168 210 357 399 ] [ 0.83 0.87 1.27 1.00 1.05 0.80 0.78 ]
73 61 12 3309 7 [ 42 105 252 315 357 378 ] [ 0.90 0.91 1.11 1.02 1.04 0.92 0.81 ]
73 74 3 543 7 [ 21 105 189 210 231 336 ] [ 0.71 0.88 1.29 1.00 1.18 0.92 0.69 ]
74 73 3 543 7 [ 42 105 210 231 273 399 ] [ 0.62 0.81 1.27 1.01 1.01 0.84 0.82 ]
74 72 3 588 7 [ 21 84 231 252 294 357 ] [ 0.65 0.89 1.07 0.93 1.11 0.95 0.84 ]
72 74 3 588 7 [ 21 105 126 231 252 357 ] [ 0.75 0.99 1.17 0.91 1.11 0.96 0.79 ]
41 74 9 2479 7 [ 21 42 105 210 231 378 ] [ 0.61 0.94 1.17 0.98 1.24 0.92 0.77 ]
74 41 9 2479 7 [ 84 168 189 273 357 399 ] [ 0.90 0.91 1.28 1.02 1.10 0.83 0.80 ]
74 75 12 3247 7 [ 21 84 147 189 336 378 ] [ 0.80 0.95 1.09 1.07 1.01 0.88 0.83 ]
75 74 12 3247 7 [ 84 147 168 210 315 336 ] [ 0.70 0.98 1.19 0.95 1.16 0.89 0.79 ]
75 76 5 1169 7 [ 63 105 126 252 315 357 ] [ 0.70 0.91 1.02 0.96 1.28 0.94 0.88 ]
76 75 5 1169 7 [ 42 63 105 168 231 378 ] [ 0.64 0.90 1.17 0.90 1.15 0.84 0.64 ]
76 39 4 1022 7 [ 42 126 168 210 315 357 ] [ 0.71 0.87 1.27 0.98 1.23 0.90 0.79 ]
39 76 4 1022 7 [ 21 84 189 210 378 399 ] [ 0.73 0.89 1.24 1.02 1.16 0.87 0.80 ]
75 77 13 3457 7 [ 63 189 231 252 357 399 ] [ 0.75 0.81 1.23 0.90 1.17 0.98 0.81 ]
77 75 13 3457 7 [ 63 105 189 252 336 399 ] [ 0.80 0.94 1.29 1.09 1.28 0.96 0.64 ]
77 78 2 342 7 [ 63 105 168 210 252 315 ] [ 0.64 0.95 1.04 0.96 1.12 0.87 0.62 ]
78 77 2 342 7 [ 63 147 210 273 357 378 ] [ 0.70 0.85 1.05 1.07 1.22 0.91 0.87 ]
77 79 17 4719 7 [ 42 168 189 210 231 294 ] [ 0.66 0.81 1.24 0.99 1.19 0.85 0.74 ]
79 77 17 4719 7 [ 42 105 231 294 336 399 ] [ 0.90 0.93 1.03 1.02 1.28 0.97 0.80 ]
79 80 2 212 7 [ 105 126 168 210 252 273 ] [ 0.84 0.88 1.20 1.02 1.27 0.90 0.70 ]
80 79 2 212 7 [ 126 168 189 210 252 378 ] [ 0.90 0.96 1.04 0.92 1.28 0.86 0.81 ]
80 71 2 283 7 [ 21 168 210 231 252 336 ] [ 0.69 0.85 1.05 0.94 1.08 0.97 0.85 ]
71 80 2 283 7 [ 42 63 189 231 273 357 ] [ 0.63 0.92 1.19 0.98 1.04 0.88 0.87 ]
80 81 7 1725 7 [ 42 147 168 252 315 399 ] [ 0.64 0.92 1.18 0.93 1.11 0.93 0.67 ]
81 80 7 1725 7 [ 126 147 210 252 315 378 ] [ 0.79 0.99 1.07 1.05 1.11 0.90 0.73 ]
81 70 5 1274 7 [ 84 147 189 231 294 378 ] [ 0.62 0.88 1.22 1.07 1.24 0.88 0.76 ]
70 81 5 1274 7 [ 63 84 189 252 357 378 ] [ 0.65 0.84 1.10 1.02 1.07 0.84 0.89 ]
81 82 2 422 7 [ 42 84 210 231 273 399 ] [ 0.67 0.89 1.19 0.96 1.20 0.86 0.74 ]
82 81 2 422 7 [ 84 105 147 231 336 378 ] [ 0.71 0.93 1.05 0.91 1.11 0.80 0.74 ]
82 83 7 1671 7 [ 84 147 189 210 315 357 ] [ 0.62 0.99 1.25 0.95 1.17 0.82 0.66 ]
83 82 7 1671 7 [ 63 105 252 294 315 336 ] [ 0.83 0.96 1.28 0.93 1.04 0.83 0.82 ]
83 79 5 1294 7 [ 84 105 126 168 357 399 ] [ 0.78 0.93 1.17 0.93 1.12 0.84 0.86 ]
79 83 5 1294 7 [ 63 126 231 294 315 357 ] [ 0.74 0.93 1.28 1.04 1.15 0.80 0.64 ]
83 84 9 2384 7 [ 42 105 126 168 231 252 ] [ 0.70 0.81 1.02 0.98 1.14 0.81 0.67 ]
84 83 9 2384 7 [ 63 84 210 231 273 399 ] [ 0.63 0.99 1.24 0.90 1.21 0.87 0.73 ]
84 85 6 1607 7 [ 21 63 84 273 315 378 ] [ 0.82 0.82 1.15 1.00 1.06 0.91 0.71 ]
85 84 6 1607 7 [ 42 189 294 336 357 378 ] [ 0.82 0.99 1.28 1.02 1.13 0.92 0.81 ]
83 86 6 1479 7 [ 63 105 147 273 315 399 ] [ 0.75 0.93 1.06 0.96 1.04 0.92 0.88 ]
86 83 6 1479 7 [ 21 63 126 231 252 357 ] [ 0.86 0.90 1.27 0.96 1.03 0.91 0.67 ]
85 86 5 1041 7 [ 63 105 126 189 378 399 ] [ 0.68 0.97 1.08 1.01 1.09 0.92 0.89 ]
86 85 5 1041 7 [ 21 126 189 210 294 378 ] [ 0.79 0.81 1.17 1.01 1.18 0.90 0.82 ]
85 87 28 8010 7 [ 21 84 147 294 315 336 ] [ 0.88 0.90 1.23 1.07 1.24 0.81 0.83 ]
87 85 28 8010 7 [ 42 105 147 231 273 336 ] [ 0.60 0.85 1.28 1.04 1.14 0.92 0.68 ]
87 88 3 602 7 [ 42 210 252 294 336 378 ] [ 0.88 0.89 1.08 1.02 1.15 0.84 0.66 ]
88 87 3 602 7 [ 63 168 231 273 336 357 ] [ 0.80 0.95 1.29 1.01 1.15 0.99 0.64 ]
88 89 4 895 7 [ 105 126 168 210 294 399 ] [ 0.79 0.87 1.16 1.08 1.22 0.94 0.88 ]
89 88 4 895 7 [ 210 315 336 357 378 399 ] [ 0.83 0.92 1.15 0.93 1.24 0.92 0.79 ]
254 88 4 883 7 [ 168 189 231 294 378 399 ] [ 0.90 0.91 1.05 1.05 1.05 0.95 0.78 ]
88 254 4 883 7 [ 21 63 189 231 315 378 ] [ 0.73 0.80 1.15 0.92 1.12 0.98 0.81 ]
82 90 11 2892 7 [ 21 126 189 273 378 399 ] [ 0.84 0.84 1.26 1.00 1.15 0.82 0.69 ]
90 82 11 2892 7 [ 21 84 168 189 210 273 ] [ 0.65 0.81 1.14 0.92 1.25 0.88 0.85 ]
90 91 3 450 7 [ 42 63 105 189 273 399 ] [ 0.61 0.89 1.09 1.02 1.19 0.92 0.65 ]
91 90 3 450 7 [ 21 84 168 210 231 336 ] [ 0.81 0.84 1.29 1.03 1.18 1.00 0.62 ]
91 92 4 863 7 [ 21 63 168 231 315 378 ] [ 0.76 0.94 1.30 1.02 1.25 0.91 0.88 ]
92 91 4 863 7 [ 42 252 273 294 315 336 ] [ 0.81 0.87 1.28 1.04 1.03 0.91 0.85 ]
92 93 3 509 7 [ 42 84 189 210 252 273 ] [ 0.86 0.95 1.02 1.05 1.29 0.94 0.83 ]
93 92 3 509 7 [ 63 84 105 147 294 378 ] [ 0.82 0.97 1.04 0.97 1.26 0.91 0.81 ]
93 91 2 393 7 [ 84 105 210 231 273 315 ] [ 0.78 0.90 1.04 0.94 1.20 0.97 0.74 ]
91 93 2 393 7 [ 42 84 105 231 315 336 ] [ 0.62 0.91 1.14 0.92 1.22 0.81 0.89 ]
67 93 8 2070 7 [ 63 105 126 231 294 399 ] [ 0.69 0.95 1.10 1.00 1.03 0.83 0.88 ]
93 67 8 2070 7 [ 63 168 210 231 252 399 ] [ 0.71 0.92 1.22 1.06 1.27 0.84 0.60 ]
93 94 9 2463 7 [ 105 126 147 315 378 399 ] [ 0.81 0.85 1.08 1.08 1.06 0.94 0.89 ]
94 93 9 2463 7 [ 105 168 210 273 315 378 ] [ 0.61 0.80 1.10 0.91 1.25 0.82 0.77 ]
67 94 6 1390 7 [ 21 84 168 252 294 399 ] [ 0.85 0.84 1.19 0.93 1.11 0.91 0.81 ]
94 67 6 1390 7 [ 63 105 126 168 189 210 ] [ 0.62 0.93 1.15 1.02 1.27 0.91 0.79 ]
2 94 18 5069 7 [ 126 147 168 189 231 252 ] [ 0.60 0.91 1.03 0.95 1.13 0.91 0.64 ]
94 2 18 5069 7 [ 21 63 84 210 252 315 ] [ 0.61 0.88 1.22 1.02 1.22 0.99 0.70 ]
2 95 14 3831 7 [ 84 126 147 273 336 378 ] [ 0.79 1.00 1.13 1.06 1.15 0.93 0.60 ]
95 2 14 3831 7 [ 63 105 252 294 315 357 ] [ 0.80 0.80 1.13 1.09 1.17 0.90 0.66 ]
95 96 8 1948 7 [ 147 252 294 315 336 378 ] [ 0.81 0.98 1.21 1.06 1.02 0.80 0.73 ]
96 95 8 1948 7 [ 63 105 168 210 315 399 ] [ 0.62 0.85 1.20 0.99 1.28 0.81 0.68 ]
92 96 11 3062 7 [ 21 126 189 231 273 357 ] [ 0.70 1.00 1.17 1.00 1.22 0.90 0.82 ]
96 92 11 3062 7 [ 21 84 105 231 294 336 ] [ 0.79 0.99 1.18 1.02 1.29 0.98 0.73 ]
90 98 4 762 7 [ 21 189 252 273 315 357 ] [ 0.61 0.88 1.05 1.03 1.02 0.95 0.60 ]
98 90 4 762 7 [ 21 84 231 294 357 399 ] [ 0.60 0.89 1.24 0.92 1.18 0.96 0.81 ]
97 98 16 4437 7 [ 21 84 231 294 315 357 ] [ 0.74 0.92 1.15 1.05 1.21 0.93 0.85 ]
98 97 16 4437 7 [ 21 42 63 126 252 378 ] [ 0.83 0.83 1.06 1.01 1.03 0.97 0.88 ]
96 97 2 400 7 [ 21 105 168 210 231 294 ] [ 0.79 0.93 1.13 1.08 1.07 0.91 0.64 ]
97 96 2 400 7 [ 168 189 231 273 294 378 ] [ 0.87 0.97 1.29 1.00 1.09 0.81 0.74 ]
95 99 13 3661 7 [ 42 63 84 126 252 378 ] [ 0.77 0.91 1.15 1.05 1.17 0.97 0.66 ]
99 95 13 3661 7 [ 63 147 315 336 357 399 ] [ 0.62 0.85 1.14 1.07 1.19 0.86 0.74 ]
99 1 6 1562 7 [ 42 63 105 126 189 399 ] [ 0.82 0.98 1.23 1.05 1.27 0.88 0.86 ]
1 99 6 1562 7 [ 21 63 189 210 315 357 ] [ 0.76 0.80 1.22 1.04 1.05 0.97 0.82 ]
86 100 6 1423 7 [ 42 126 210 231 315 336 ] [ 0.65 0.92 1.23 1.00 1.20 0.85 0.89 ]
100 86 6 1423 7 [ 42 63 84 315 357 378 ] [ 0.63 1.00 1.13 1.00 1.13 0.93 0.80 ]
100 101 3 715 7 [ 63 84 189 252 294 336 ] [ 0.70 0.98 1.05 0.99 1.27 1.00 0.86 ]
101 100 3 715 7 [ 21 126 147 168 336 378 ] [ 0.79 1.00 1.26 1.01 1.29 0.88 0.85 ]
101 102 3 572 7 [ 63 105 126 210 357 378 ] [ 0.88 0.81 1.21 0.98 1.29 0.87 0.78 ]
102 101 3 572 7 [ 21 63 105 168 273 294 ] [ 0.77 0.93 1.10 0.98 1.16 0.81 0.72 ]
102 103 10 2681 7 [ 21 42 168 189 273 399 ] [ 0.66 0.82 1.19 0.97 1.23 0.92 0.76 ]
103 102 10 2681 7 [ 42 126 189 294 315 357 ] [ 0.79 0.85 1.01 1.00 1.15 0.98 0.70 ]
103 104 5 1298 7 [ 42 84 105 168 210 252 ] [ 0.79 0.83 1.05 0.95 1.04 0.92 0.74 ]
104 103 5 1298 7 [ 63 126 147 231 378 399 ] [ 0.82 1.00 1.11 1.02 1.09 0.86 0.89 ]
104 105 6 1451 7 [ 42 63 189 210 336 399 ] [ 0.72 0.89 1.11 0.95 1.06 0.93 0.67 ]
105 104 6 1451 7 [ 21 84 105 210 231 357 ] [ 0.61 0.95 1.03 1.08 1.01 0.82 0.83 ]
104 106 4 982 7 [ 21 84 105 126 252 294 ] [ 0.90 0.84 1.28 0.94 1.08 0.91 0.70 ]
106 104 4 982 7 [ 105 126 231 252 315 336 ] [ 0.80 0.95 1.11 1.05 1.23 0.92 0.89 ]
106 107 3 497 7 [ 42 63 168 231 294 315 ] [ 0.72 0.89 1.10 1.04 1.06 0.83 0.86 ]
107 106 3 497 7 [ 63 84 126 252 357 399 ] [ 0.70 0.91 1.01 0.96 1.09 0.89 0.84 ]
107 105 3 630 7 [ 21 105 126 231 252 294 ] [ 0.65 0.86 1.13 1.10 1.02 0.82 0.70 ]
105 107 3 630 7 [ 84 189 252 315 336 399 ] [ 0.88 0.80 1.15 1.01 1.21 0.80 0.80 ]
107 108 5 1268 7 [ 63 189 252 294 357 378 ] [ 0.87 0.91 1.23 0.93 1.08 0.83 0.71 ]
108 107 5 1268 7 [ 84 168 210 231 315 399 ] [ 0.63 0.81 1.29 1.02 1.14 0.88 0.73 ]
106 108 5 1078 7 [ 84 147 168 210 231 357 ] [ 0.74 0.99 1.28 0.98 1.11 0.98 0.90 ]
108 106 5 1078 7 [ 84 147 168 210 294 336 ] [ 0.66 0.82 1.19 1.07 1.27 0.96 0.77 ]
108 109 7 1724 7 [ 105 210 231 294 378 399 ] [ 0.85 0.87 1.23 0.92 1.12 0.91 0.61 ]
109 108 7 1724 7 [ 21 105 147 273 294 315 ] [ 0.71 0.84 1.21 1.05 1.15 0.99 0.71 ]
101 110 2 436 7 [ 168 189 252 357 378 399 ] [ 0.80 0.90 1.14 0.94 1.01 0.88 0.62 ]
110 101 2 436 7 [ 147 231 315 336 357 399 ] [ 0.85 0.89 1.02 1.05 1.18 0.98 0.79 ]
110 102 2 212 7 [ 42 84 105 168 252 378 ] [ 0.86 0.93 1.02 0.94 1.21 0.87 0.67 ]
102 110 2 212 7 [ 21 231 252 294 378 399 ] [ 0.63 0.96 1.19 1.07 1.24 0.89 0.73 ]
100 111 12 3207 7 [ 21 105 231 252 273 357 ] [ 0.86 0.85 1.02 0.96 1.24 0.93 0.75 ]
111 100 12 3207 7 [ 42 126 189 210 231 336 ] [ 0.74 0.90 1.24 0.98 1.02 0.86 0.73 ]
111 112 3 580 7 [ 84 105 147 231 252 399 ] [ 0.78 0.93 1.22 0.99 1.25 1.00 0.82 ]
112 111 3 580 7 [ 84 126 252 273 315 336 ] [ 0.89 0.82 1.17 0.93 1.07 0.92 0.81 ]
112 113 5 1204 7 [ 21 42 63 84 231 378 ] [ 0.79 0.87 1.03 1.08 1.15 0.81 0.86 ]
113 112 5 1204 7 [ 42 63 126 210 252 399 ] [ 0.61 0.90 1.27 1.08 1.11 0.93 0.74 ]
110 113 8 2014 7 [ 63 126 189 231 273 294 ] [ 0.83 0.98 1.04 0.92 1.14 0.95 0.89 ]
113 110 8 2014 7 [ 42 105 210 294 357 378 ] [ 0.65 0.88 1.14 0.98 1.03 0.90 0.65 ]
103 113 12 3092 7 [ 63 105 294 315 357 399 ] [ 0.85 0.81 1.13 0.95 1.25 0.97 0.67 ]
113 103 12 3092 7 [ 63 126 147 252 294 336 ] [ 0.70 0.90 1.12 0.99 1.09 1.00 0.65 ]
112 114 9 2331 7 [ 126 168 189 210 252 294 ] [ 0.62 0.87 1.07 0.92 1.01 0.94 0.68 ]
114 112 9 2331 7 [ 21 168 189 231 294 315 ] [ 0.81 0.86 1.16 1.06 1.19 0.97 0.75 ]
98 111 10 2533 7 [ 84 168 210 231 315 336 ] [ 0.67 0.96 1.13 0.97 1.16 0.83 0.78 ]
111 98 10 2533 7 [ 21 84 105 231 273 315 ] [ 0.62 0.97 1.13 0.94 1.11 0.80 0.72 ]
114 98 8 1971 7 [ 42 105 210 273 294 399 ] [ 0.77 0.83 1.11 1.00 1.09 0.95 0.63 ]
98 114 8 1971 7 [ 42 63 147 273 294 378 ] [ 0.69 0.93 1.11 1.02 1.28 0.93 0.82 ]
114 115 2 304 7 [ 84 126 189 252 315 336 ] [ 0.86 0.99 1.17 0.97 1.24 0.95 0.75 ]
115 114 2 304 7 [ 63 84 189 231 252 315 ] [ 0.76 0.98 1.14 1.05 1.16 0.93 0.73 ]
115 116 18 4996 7 [ 21 42 63 105 147 231 ] [ 0.67 0.81 1.20 0.96 1.08 0.90 0.75 ]
116 115 18 4996 7 [ 42 63 84 126 252 399 ] [ 0.78 0.83 1.25 0.91 1.28 0.81 0.62 ]
105 117 5 1300 7 [ 147 231 252 273 336 357 ] [ 0.78 0.99 1.11 0.94 1.07 0.89 0.86 ]
117 105 5 1300 7 [ 21 42 63 84 378 399 ] [ 0.63 0.93 1.24 0.98 1.02 0.96 0.78 ]
116 117 9 2279 7 [ 63 84 189 210 315 336 ] [ 0.61 0.96 1.27 1.06 1.19 0.95 0.81 ]
117 116 9 2279 7 [ 126 147 189 294 315 336 ] [ 0.78 0.89 1.20 1.06 1.01 0.93 0.84 ]
117 118 14 3922 7 [ 147 168 189 210 315 378 ] [ 0.80 0.83 1.12 1.02 1.13 0.97 0.89 ]
118 117 14 3922 7 [ 42 63 84 168 336 378 ] [ 0.80 0.87 1.07 0.98 1.26 0.89 0.65 ]
116 118 3 691 7 [ 42 63 84 168 210 231 ] [ 0.78 0.95 1.27 1.08 1.28 0.83 0.65 ]
118 116 3 691 7 [ 21 105 126 210 231 273 ] [ 0.80 0.88 1.09 0.95 1.23 0.97 0.71 ]
118 119 25 7060 7 [ 21 105 231 294 315 378 ] [ 0.79 0.90 1.08 0.99 1.06 0.89 0.64 ]
119 118 25 7060 7 [ 21 42 252 315 357 399 ] [ 0.79 0.98 1.01 1.02 1.24 0.94 0.69 ]
116 120 12 3157 7 [ 84 168 273 294 315 336 ] [ 0.64 0.81 1.03 1.08 1.16 0.98 0.64 ]
120 116 12 3157 7 [ 84 126 147 231 252 399 ] [ 0.76 0.94 1.25 0.95 1.21 0.95 0.87 ]
120 121 10 2760 7 [ 42 105 168 252 294 399 ] [ 0.88 0.96 1.05 0.92 1.16 0.89 0.75 ]
121 120 10 2760 7 [ 42 273 294 336 357 378 ] [ 0.64 0.89 1.08 0.91 1.14 0.99 0.71 ]
121 122 4 843 7 [ 105 126 210 231 315 357 ] [ 0.73 0.92 1.00 0.99 1.13 0.81 0.65 ]
122 121 4 843 7 [ 63 168 189 210 315 399 ] [ 0.66 0.99 1.10 1.08 1.13 0.83 0.65 ]
115 122 16 4529 7 [ 21 42 147 168 252 315 ] [ 0.88 0.86 1.00 1.01 1.17 0.83 0.79 ]
122 115 16 4529 7 [ 63 84 168 189 336 378 ] [ 0.79 0.86 1.15 0.92 1.29 0.98 0.62 ]
121 123 4 910 7 [ 126 147 168 189 315 336 ] [ 0.77 0.97 1.02 0.97 1.10 0.96 0.64 ]
123 121 4 910 7 [ 21 105 252 294 315 378 ] [ 0.75 0.91 1.14 1.04 1.03 0.87 0.62 ]
122 123 3 542 7 [ 63 84 189 273 315 336 ] [ 0.78 0.93 1.10 0.93 1.12 0.81 0.72 ]
123 122 3 542 7 [ 63 84 210 252 294 315 ] [ 0.61 0.93 1.11 0.98 1.10 0.96 0.75 ]
123 124 6 1486 7 [ 63 126 147 189 210 357 ] [ 0.88 0.94 1.23 0.95 1.17 0.97 0.68 ]
124 123 6 1486 7 [ 21 84 147 168 189 357 ] [ 0.89 0.87 1.11 1.07 1.22 0.84 0.73 ]
124 125 3 490 7 [ 42 147 168 231 336 399 ] [ 0.85 0.92 1.06 1.00 1.14 0.93 0.77 ]
125 124 3 490 7 [ 126 168 252 273 294 378 ] [ 0.83 0.85 1.02 0.98 1.04 0.82 0.79 ]
125 126 7 1720 7 [ 105 126 168 189 210 399 ] [ 0.81 0.83 1.15 0.96 1.20 0.99 0.70 ]
126 125 7 1720 7 [ 105 147 231 252 294 315 ] [ 0.61 0.81 1.18 0.98 1.27 0.98 0.88 ]
97 126 13 3483 7 [ 42 84 126 147 189 399 ] [ 0.84 0.86 1.15 0.96 1.15 0.98 0.87 ]
126 97 13 3483 7 [ 84 105 126 147 168 315 ] [ 0.75 0.83 1.24 1.05 1.27 0.85 0.65 ]
126 127 4 904 7 [ 42 63 252 315 357 378 ] [ 0.64 0.89 1.19 0.94 1.11 0.83 0.68 ]
127 126 4 904 7 [ 105 147 189 210 378 399 ] [ 0.76 1.00 1.26 0.95 1.00 0.90 0.82 ]
127 128 2 304 7 [ 42 63 84 168 357 378 ] [ 0.66 0.82 1.27 0.93 1.29 0.98 0.68 ]
128 127 2 304 7 [ 147 189 231 252 336 378 ] [ 0.62 0.93 1.13 0.97 1.02 0.97 0.66 ]
128 129 3 708 7 [ 63 84 105 126 210 252 ] [ 0.79 0.97 1.19 1.04 1.26 0.87 0.75 ]
129 128 3 708 7 [ 63 105 126 210 231 294 ] [ 0.81 0.82 1.25 1.01 1.03 0.87 0.64 ]
129 130 9 2233 7 [ 42 105 126 231 336 378 ] [ 0.85 0.94 1.23 1.08 1.26 0.94 0.80 ]
130 129 9 2233 7 [ 42 63 105 273 315 378 ] [ 0.85 0.93 1.00 1.10 1.19 0.85 0.66 ]
130 99 3 506 7 [ 42 84 168 189 294 378 ] [ 0.63 0.95 1.21 0.98 1.12 0.99 0.72 ]
99 130 3 506 7 [ 105 126 210 252 294 336 ] [ 0.61 0.80 1.03 1.09 1.18 0.81 0.72 ]
131 99 3 572 7 [ 21 42 168 294 357 378 ] [ 0.82 0.84 1.26 0.92 1.03 0.80 0.84 ]
99 131 3 572 7 [ 21 63 147 168 273 336 ] [ 0.66 1.00 1.12 1.09 1.14 0.81 0.87 ]
131 130 2 305 7 [ 21 42 231 252 273 336 ] [ 0.75 0.88 1.05 0.95 1.08 0.99 0.90 ]
130 131 2 305 7 [ 63 84 105 231 252 294 ] [ 0.61 0.85 1.06 0.97 1.16 0.83 0.72 ]
131 132 8 2066 7 [ 126 168 210 252 357 399 ] [ 0.84 0.96 1.01 0.95 1.17 0.83 0.88 ]
132 131 8 2066 7 [ 21 210 231 273 336 399 ] [ 0.71 0.98 1.05 0.90 1.21 0.88 0.69 ]
132 133 2 272 7 [ 21 147 168 252 294 357 ] [ 0.90 0.97 1.03 0.97 1.07 0.86 0.80 ]
133 132 2 272 7 [ 84 126 147 231 294 315 ] [ 0.87 0.95 1.14 1.07 1.07 0.90 0.75 ]
132 134 6 1588 7 [ 42 126 210 252 336 357 ] [ 0.83 0.96 1.17 0.98 1.13 0.96 0.75 ]
134 132 6 1588 7 [ 21 42 84 126 315 357 ] [ 0.72 0.90 1.21 1.09 1.19 0.90 0.68 ]
134 135 7 1753 7 [ 42 63 147 168 189 315 ] [ 0.74 0.82 1.01 1.03 1.28 0.93 0.79 ]
135 134 7 1753 7 [ 84 105 210 231 252 315 ] [ 0.89 0.92 1.03 1.09 1.06 0.84 0.82 ]
135 136 6 1378 7 [ 42 84 105 210 273 315 ] [ 0.65 0.93 1.27 0.91 1.23 0.97 0.64 ]
136 135 6 1378 7 [ 21 63 105 168 294 378 ] [ 0.86 0.89 1.10 1.09 1.06 0.97 0.84 ]
136 129 3 547 7 [ 21 63 147 210 273 336 ] [ 0.89 0.93 1.10 1.10 1.03 0.83 0.65 ]
129 136 3 547 7 [ 21 168 189 231 273 399 ] [ 0.86 0.98 1.28 1.05 1.09 0.87 0.75 ]
136 137 2 224 7 [ 21 63 126 168 189 252 ] [ 0.63 0.93 1.06 0.99 1.00 0.91 0.78 ]
137 136 2 224 7 [ 21 63 84 126 231 336 ] [ 0.73 0.99 1.25 1.10 1.16 0.91 0.84 ]
137 138 2 251 7 [ 63 126 147 189 336 378 ] [ 0.69 1.00 1.13 1.09 1.05 0.97 0.74 ]
138 137 2 251 7 [ 84 210 231 273 294 378 ] [ 0.82 0.81 1.20 1.03 1.30 0.81 0.66 ]
137 128 2 424 7 [ 147 168 189 231 294 336 ] [ 0.65 0.91 1.05 1.03 1.17 0.86 0.61 ]
128 137 2 424 7 [ 42 126 231 357 378 399 ] [ 0.86 0.94 1.09 0.96 1.28 0.83 0.67 ]
138 127 3 589 7 [ 21 42 252 294 315 378 ] [ 0.75 1.00 1.22 0.98 1.09 0.87 0.64 ]
127 138 3 589 7 [ 126 168 210 252 273 336 ] [ 0.77 0.91 1.11 1.05 1.12 0.99 0.64 ]
138 139 4 772 7 [ 21 105 126 168 252 378 ] [ 0.76 0.87 1.23 0.97 1.20 0.81 0.65 ]
139 138 4 772 7 [ 21 126 189 252 294 357 ] [ 0.83 0.99 1.15 1.05 1.21 0.94 0.74 ]
139 140 5 1138 7 [ 21 231 273 294 378 399 ] [ 0.80 0.92 1.25 0.99 1.22 0.89 0.85 ]
140 139 5 1138 7 [ 168 189 273 294 378 399 ] [ 0.78 0.94 1.29 0.93 1.18 0.95 0.64 ]
139 141 2 394 7 [ 63 84 252 336 378 399 ] [ 0.86 0.96 1.22 1.04 1.11 0.82 0.66 ]
141 139 2 394 7 [ 21 42 84 189 231 357 ] [ 0.76 0.88 1.27 0.96 1.26 0.91 0.63 ]
140 141 5 1308 7 [ 63 84 147 294 357 378 ] [ 0.61 0.95 1.22 0.90 1.05 0.87 0.78 ]
141 140 5 1308 7 [ 168 189 210 273 378 399 ] [ 0.85 0.89 1.03 1.04 1.28 0.97 0.68 ]
141 142 34 9647 7 [ 21 126 189 336 357 378 ] [ 0.80 0.98 1.28 1.02 1.03 0.91 0.66 ]
142 141 34 9647 7 [ 21 210 231 273 294 357 ] [ 0.71 0.92 1.06 0.93 1.07 0.82 0.87 ]
142 143 10 2703 7 [ 84 189 273 315 357 378 ] [ 0.81 0.92 1.16 0.97 1.18 0.83 0.89 ]
143 142 10 2703 7 [ 63 189 231 273 315 378 ] [ 0.78 0.93 1.13 1.00 1.03 0.89 0.84 ]
142 144 6 1451 7 [ 252 315 336 357 378 399 ] [ 0.84 0.87 1.08 1.04 1.07 0.96 0.71 ]
144 142 6 1451 7 [ 63 84 126 273 315 336 ] [ 0.76 0.91 1.11 1.00 1.27 1.00 0.82 ]
144 145 12 3385 7 [ 63 147 168 336 357 378 ] [ 0.64 0.93 1.17 0.92 1.24 0.91 0.72 ]
145 144 12 3385 7 [ 42 84 126 252 336 378 ] [ 0.79 0.84 1.17 1.03 1.25 0.98 0.89 ]
135 145 3 604 7 [ 21 84 147 189 231 336 ] [ 0.77 0.97 1.05 0.91 1.20 0.81 0.88 ]
145 135 3 604 7 [ 21 42 147 168 315 399 ] [ 0.85 0.83 1.06 1.07 1.22 0.88 0.72 ]
145 146 7 1812 7 [ 21 84 189 231 378 399 ] [ 0.62 0.89 1.01 0.98 1.26 0.99 0.80 ]
146 145 7 1812 7 [ 21 63 231 273 336 357 ] [ 0.79 0.84 1.17 0.93 1.25 0.81 0.66 ]
134 146 6 1406 7 [ 21 105 126 210 252 336 ] [ 0.60 0.90 1.02 1.04 1.08 1.00 0.87 ]
146 134 6 1406 7 [ 21 42 84 105 189 336 ] [ 0.78 0.92 1.21 1.10 1.00 0.82 0.81 ]
146 147 6 1533 7 [ 126 168 210 252 315 357 ] [ 0.86 0.81 1.01 0.97 1.06 0.85 0.84 ]
147 146 6 1533 7 [ 21 42 63 84 189 315 ] [ 0.72 0.88 1.28 0.96 1.27 0.84 0.83 ]
147 148 3 697 7 [ 21 63 210 273 357 378 ] [ 0.66 0.95 1.26 0.99 1.05 0.84 0.73 ]
148 147 3 697 7 [ 21 42 147 168 189 357 ] [ 0.62 0.81 1.03 1.06 1.10 0.87 0.79 ]
144 147 4 796 7 [ 21 84 168 189 294 315 ] [ 0.79 0.92 1.19 1.04 1.17 0.87 0.72 ]
147 144 4 796 7 [ 63 273 294 315 336 399 ] [ 0.74 0.99 1.19 1.06 1.21 0.92 0.88 ]
140 149 3 547 7 [ 42 168 231 252 336 399 ] [ 0.77 0.97 1.25 0.91 1.07 0.94 0.84 ]
149 140 3 547 7 [ 63 126 210 231 273 357 ] [ 0.66 0.92 1.18 0.90 1.26 0.94 0.79 ]
149 125 4 842 7 [ 84 105 147 210 273 315 ] [ 0.61 0.86 1.04 1.03 1.19 0.82 0.89 ]
125 149 4 842 7 [ 42 210 231 294 315 399 ] [ 0.67 0.95 1.07 1.02 1.13 0.99 0.65 ]
149 124 4 881 7 [ 21 105 231 273 315 399 ] [ 0.81 0.95 1.07 1.01 1.25 0.83 0.77 ]
124 149 4 881 7 [ 21 84 105 210 273 315 ] [ 0.68 0.98 1.11 0.99 1.22 0.81 0.90 ]
149 150 2 364 7 [ 63 126 210 231 273 357 ] [ 0.74 0.84 1.17 1.00 1.12 0.99 0.77 ]
150 149 2 364 7 [ 84 189 210 294 315 378 ] [ 0.65 0.97 1.13 1.03 1.03 0.89 0.82 ]
254 149 3 477 7 [ 21 84 210 231 336 378 ] [ 0.66 0.82 1.05 0.91 1.24 0.89 0.69 ]
149 254 3 477 7 [ 42 105 126 294 336 378 ] [ 0.79 0.82 1.24 0.98 1.00 0.98 0.73 ]
150 151 3 736 7 [ 21 126 168 315 357 378 ] [ 0.75 0.86 1.27 0.92 1.16 0.84 0.78 ]
151 150 3 736 7 [ 105 294 315 357 378 399 ] [ 0.73 0.97 1.14 0.99 1.01 0.83 0.68 ]
151 124 4 971 7 [ 84 189 231 273 315 378 ] [ 0.73 0.84 1.10 1.06 1.04 0.84 0.85 ]
124 151 4 971 7 [ 21 147 210 231 252 273 ] [ 0.66 0.89 1.25 0.91 1.00 0.96 0.77 ]
150 152 5 1253 7 [ 189 210 231 252 357 378 ] [ 0.75 0.98 1.25 0.97 1.11 0.91 0.68 ]
152 150 5 1253 7 [ 63 84 168 210 315 378 ] [ 0.70 0.99 1.17 1.09 1.01 0.98 0.63 ]
151 152 3 636 7 [ 21 42 105 273 315 399 ] [ 0.77 0.96 1.06 1.02 1.12 0.84 0.86 ]
152 151 3 636 7 [ 63 168 189 231 252 399 ] [ 0.72 0.97 1.17 1.09 1.20 0.98 0.78 ]
152 153 3 500 7 [ 42 84 126 147 189 315 ] [ 0.81 0.91 1.24 1.00 1.00 0.89 0.69 ]
153 152 3 500 7 [ 21 42 84 189 357 378 ] [ 0.64 0.89 1.26 1.09 1.24 0.93 0.85 ]
151 154 9 2376 7 [ 21 63 84 105 315 378 ] [ 0.67 0.80 1.29 0.93 1.29 0.87 0.90 ]
154 151 9 2376 7 [ 84 147 168 252 315 378 ] [ 0.85 0.89 1.13 0.94 1.28 0.81 0.73 ]
120 154 16 4308 7 [ 42 147 189 231 252 294 ] [ 0.64 0.90 1.02 0.93 1.26 0.99 0.74 ]
154 120 16 4308 7 [ 42 63 189 273 294 399 ] [ 0.80 0.84 1.22 0.99 1.02 0.83 0.68 ]
154 155 8 2120 7 [ 21 42 105 189 357 378 ] [ 0.68 0.85 1.16 1.02 1.10 0.84 0.71 ]
155 154 8 2120 7 [ 147 189 252 294 336 357 ] [ 0.83 0.88 1.19 0.99 1.24 0.86 0.73 ]
155 156 5 1295 7 [ 42 84 147 273 357 378 ] [ 0.79 0.89 1.05 0.91 1.03 0.94 0.77 ]
156 155 5 1295 7 [ 42 84 126 168 210 399 ] [ 0.65 0.94 1.28 0.96 1.21 0.98 0.86 ]
153 156 12 3174 7 [ 42 105 189 210 294 357 ] [ 0.78 0.92 1.20 0.95 1.26 0.97 0.62 ]
156 153 12 3174 7 [ 63 126 168 231 273 315 ] [ 0.69 0.93 1.14 1.04 1.04 0.87 0.75 ]
153 157 7 1764 7 [ 42 147 189 231 294 315 ] [ 0.62 0.82 1.20 0.95 1.22 0.83 0.80 ]
157 153 7 1764 7 [ 105 231 273 294 336 378 ] [ 0.79 0.83 1.23 1.05 1.10 0.82 0.74 ]
157 158 2 334 7 [ 21 126 168 252 336 378 ] [ 0.68 0.88 1.27 0.97 1.25 0.80 0.82 ]
158 157 2 334 7 [ 63 147 168 189 294 336 ] [ 0.81 0.93 1.25 0.99 1.15 0.80 0.76 ]
157 159 7 1652 7 [ 21 84 126 315 357 378 ] [ 0.77 0.86 1.01 1.05 1.25 0.96 0.70 ]
159 157 7 1652 7 [ 42 84 105 231 273 336 ] [ 0.70 1.00 1.15 1.08 1.05 0.99 0.72 ]
158 159 5 1090 7 [ 105 147 273 294 315 399 ] [ 0.83 0.95 1.28 1.06 1.23 0.94 0.77 ]
159 158 5 1090 7 [ 21 84 168 210 252 273 ] [ 0.83 0.83 1.13 0.92 1.05 0.96 0.63 ]
158 160 19 5318 7 [ 21 63 189 315 336 399 ] [ 0.73 0.84 1.20 1.06 1.25 0.88 0.73 ]
160 158 19 5318 7 [ 63 105 210 252 357 378 ] [ 0.81 0.99 1.04 0.91 1.06 0.97 0.63 ]
155 161 8 1937 7 [ 63 189 231 294 357 399 ] [ 0.61 0.95 1.25 0.92 1.22 1.00 0.87 ]
161 155 8 1937 7 [ 21 126 168 315 357 399 ] [ 0.80 0.91 1.14 1.03 1.05 0.88 0.74 ]
161 119 3 528 7 [ 63 105 168 336 357 399 ] [ 0.68 0.97 1.23 0.93 1.10 0.80 0.78 ]
119 161 3 528 7 [ 21 42 63 168 294 357 ] [ 0.76 0.91 1.09 1.05 1.19 0.98 0.68 ]
161 162 9 2444 7 [ 84 105 231 273 294 357 ] [ 0.75 0.92 1.26 1.03 1.15 0.84 0.88 ]
162 161 9 2444 7 [ 42 84 105 210 252 378 ] [ 0.72 0.87 1.25 1.02 1.00 0.92 0.74 ]
156 162 8 2208 7 [ 21 42 147 189 273 378 ] [ 0.74 0.95 1.21 0.91 1.16 0.99 0.88 ]
162 156 8 2208 7 [ 42 105 147 252 294 315 ] [ 0.75 0.85 1.23 0.93 1.02 0.90 0.77 ]
156 160 15 4163 7 [ 105 168 189 252 315 357 ] [ 0.76 0.94 1.03 1.03 1.18 0.85 0.88 ]
160 156 15 4163 7 [ 42 147 252 357 378 399 ] [ 0.81 0.85 1.10 1.07 1.08 0.89 0.84 ]
160 163 3 650 7 [ 21 147 210 294 315 336 ] [ 0.79 0.91 1.10 1.00 1.17 0.88 0.64 ]
163 160 3 650 7 [ 84 105 126 273 378 399 ] [ 0.79 0.89 1.27 1.01 1.22 0.94 0.87 ]
163 164 4 783 7 [ 63 126 189 336 357 378 ] [ 0.62 0.95 1.24 1.07 1.03 0.94 0.84 ]
164 163 4 783 7 [ 42 147 189 231 273 378 ] [ 0.82 0.81 1.06 1.09 1.24 0.93 0.66 ]
160 164 3 567 7 [ 42 63 105 294 357 399 ] [ 0.80 0.97 1.16 0.98 1.10 0.96 0.71 ]
164 160 3 567 7 [ 126 147 168 189 252 294 ] [ 0.71 0.83 1.18 1.01 1.29 0.93 0.60 ]
164 165 5 1114 7 [ 42 189 273 294 336 378 ] [ 0.76 0.93 1.26 0.90 1.08 0.92 0.82 ]
165 164 5 1114 7 [ 126 189 231 273 294 336 ] [ 0.81 0.99 1.23 0.98 1.17 0.91 0.82 ]
165 166 5 1191 7 [ 105 126 147 168 210 399 ] [ 0.80 0.92 1.02 0.96 1.24 0.88 0.69 ]
166 165 5 1191 7 [ 168 210 294 315 336 357 ] [ 0.79 1.00 1.19 0.93 1.01 0.87 0.70 ]
166 162 3 638 7 [ 21 147 189 210 378 399 ] [ 0.61 0.89 1.03 1.05 1.20 0.87 0.86 ]
162 166 3 638 7 [ 21 63 105 126 210 336 ] [ 0.82 0.95 1.22 1.01 1.25 0.96 0.62 ]
166 167 4 906 7 [ 21 105 126 189 357 378 ] [ 0.60 0.93 1.11 0.92 1.23 0.81 0.72 ]
167 166 4 906 7 [ 63 84 126 273 336 378 ] [ 0.69 0.93 1.29 1.03 1.22 0.94 0.67 ]
162 167 6 1474 7 [ 21 84 168 231 252 378 ] [ 0.88 0.95 1.19 1.04 1.01 0.84 0.75 ]
167 162 6 1474 7 [ 63 126 189 252 315 357 ] [ 0.79 0.96 1.14 1.00 1.12 0.81 0.62 ]
163 168 23 6561 7 [ 21 84 105 210 315 399 ] [ 0.75 0.96 1.29 0.96 1.03 0.99 0.79 ]
168 163 23 6561 7 [ 21 42 105 210 231 378 ] [ 0.63 0.81 1.06 1.08 1.08 0.96 0.66 ]
119 169 13 3454 7 [ 21 84 189 315 336 357 ] [ 0.66 0.97 1.04 1.05 1.26 0.82 0.64 ]
169 119 13 3454 7 [ 84 105 147 210 252 399 ] [ 0.79 0.90 1.10 1.10 1.03 0.84 0.61 ]
169 170 4 971 7 [ 42 63 210 294 315 357 ] [ 0.82 0.94 1.22 0.95 1.04 0.91 0.68 ]
170 169 4 971 7 [ 84 105 294 315 336 399 ] [ 0.77 0.84 1.00 0.98 1.02 0.92 0.74 ]
170 171 4 886 7 [ 105 147 273 294 315 399 ] [ 0.76 0.86 1.29 0.93 1.03 0.87 0.81 ]
171 170 4 886 7 [ 21 63 189 273 315 378 ] [ 0.90 0.93 1.01 1.02 1.24 0.93 0.65 ]
171 172 2 430 7 [ 21 42 84 168 252 273 ] [ 0.82 0.90 1.16 1.04 1.11 0.86 0.73 ]
172 171 2 430 7 [ 21 105 126 189 210 315 ] [ 0.64 0.80 1.29 0.93 1.13 0.96 0.77 ]
170 254 5 1041 7 [ 84 126 189 210 273 336 ] [ 0.62 0.99 1.27 1.05 1.27 0.94 0.86 ]
254 170 5 1041 7 [ 63 105 126 147 168 357 ] [ 0.75 0.92 1.12 0.91 1.02 0.95 0.89 ]
169 173 17 4804 7 [ 42 168 210 273 357 399 ] [ 0.70 0.80 1.06 1.08 1.17 0.97 0.84 ]
173 169 17 4804 7 [ 21 42 231 252 315 399 ] [ 0.73 0.81 1.07 1.00 1.07 0.97 0.65 ]
165 174 3 696 7 [ 21 105 147 336 357 378 ] [ 0.63 0.95 1.22 1.10 1.29 0.97 0.83 ]
174 165 3 696 7 [ 42 63 210 294 336 399 ] [ 0.87 0.80 1.17 1.03 1.01 0.85 0.77 ]
174 175 4 859 7 [ 168 210 252 273 294 357 ] [ 0.88 0.84 1.30 0.91 1.19 0.81 0.86 ]
175 174 4 859 7 [ 84 126 147 252 315 357 ] [ 0.62 0.91 1.23 0.97 1.26 0.89 0.69 ]
167 175 2 271 7 [ 63 84 168 273 315 399 ] [ 0.71 0.88 1.13 1.06 1.25 0.90 0.67 ]
175 167 2 271 7 [ 42 84 147 252 336 378 ] [ 0.62 0.95 1.13 0.92 1.22 0.83 0.82 ]
175 176 5 1324 7 [ 21 63 147 189 252 399 ] [ 0.76 0.92 1.11 1.01 1.21 0.86 0.78 ]
176 175 5 1324 7 [ 63 189 210 336 357 378 ] [ 0.77 0.82 1.16 1.00 1.06 0.90 0.81 ]
176 174 6 1596 7 [ 21 42 210 273 336 399 ] [ 0.66 0.83 1.21 1.08 1.25 0.98 0.74 ]
174 176 6 1596 7 [ 63 105 168 189 210 252 ] [ 0.78 0.84 1.19 0.95 1.17 0.87 0.75 ]
165 177 13 3419 7 [ 21 63 168 189 294 357 ] [ 0.73 0.99 1.26 0.93 1.29 0.99 0.86 ]
177 165 13 3419 7 [ 21 126 231 315 357 378 ] [ 0.66 0.81 1.15 0.99 1.23 0.82 0.72 ]
177 178 8 1982 7 [ 42 63 189 210 336 399 ] [ 0.67 0.81 1.04 1.06 1.06 0.98 0.75 ]
178 177 8 1982 7 [ 63 105 147 168 210 231 ] [ 0.65 0.85 1.08 1.08 1.29 0.84 0.71 ]
178 179 8 2073 7 [ 42 63 84 105 273 378 ] [ 0.61 0.84 1.07 1.01 1.23 0.99 0.86 ]
179 178 8 2073 7 [ 168 231 252 294 357 399 ] [ 0.71 0.95 1.12 1.05 1.01 0.83 0.74 ]
179 176 6 1362 7 [ 42 63 147 189 273 378 ] [ 0.72 0.89 1.07 0.98 1.16 0.89 0.63 ]
176 179 6 1362 7 [ 84 105 126 147 189 315 ] [ 0.70 0.83 1.09 1.04 1.28 0.94 0.62 ]
179 180 4 957 7 [ 42 84 189 210 231 315 ] [ 0.69 0.85 1.09 0.97 1.17 1.00 0.61 ]
180 179 4 957 7 [ 84 105 126 147 231 357 ] [ 0.84 0.89 1.12 1.05 1.01 0.81 0.63 ]
176 180 8 2086 7 [ 84 189 210 294 357 378 ] [ 0.66 0.96 1.11 1.01 1.01 0.83 0.82 ]
180 176 8 2086 7 [ 42 84 189 315 336 378 ] [ 0.67 0.97 1.18 0.99 1.04 0.90 0.78 ]
180 181 4 748 7 [ 42 189 273 315 378 399 ] [ 0.84 0.89 1.17 1.06 1.15 0.86 0.75 ]
181 180 4 748 7 [ 84 126 231 252 273 294 ] [ 0.84 0.86 1.00 0.93 1.28 0.81 0.64 ]
181 173 5 1231 7 [ 126 168 252 336 378 399 ] [ 0.81 0.93 1.11 0.94 1.06 1.00 0.85 ]
173 181 5 1231 7 [ 84 168 189 210 231 399 ] [ 0.69 0.98 1.13 0.98 1.16 0.96 0.88 ]
182 178 5 1316 7 [ 42 84 168 189 210 399 ] [ 0.89 0.80 1.26 0.99 1.14 0.86 0.72 ]
178 182 5 1316 7 [ 42 105 168 231 273 399 ] [ 0.82 0.93 1.18 0.91 1.06 0.91 0.89 ]
178 183 7 1731 7 [ 21 42 126 147 252 315 ] [ 0.69 0.99 1.25 1.05 1.18 0.85 0.87 ]
183 178 7 1731 7 [ 105 126 231 273 315 357 ] [ 0.76 0.90 1.03 1.01 1.22 0.80 0.71 ]
177 184 9 2259 7 [ 105 231 252 294 336 399 ] [ 0.89 0.90 1.17 0.98 1.14 0.86 0.61 ]
184 177 9 2259 7 [ 42 147 168 189 378 399 ] [ 0.85 0.95 1.18 0.98 1.17 0.98 0.89 ]
184 185 12 3109 7 [ 126 168 210 294 315 357 ] [ 0.65 0.97 1.03 1.00 1.16 0.99 0.67 ]
185 184 12 3109 7 [ 84 105 168 189 210 231 ] [ 0.80 0.81 1.23 1.02 1.05 0.83 0.69 ]
185 186 5 1269 7 [ 105 210 252 273 294 357 ] [ 0.73 0.80 1.04 1.08 1.15 0.87 0.65 ]
186 185 5 1269 7 [ 21 42 126 147 231 378 ] [ 0.71 0.84 1.04 1.08 1.06 0.92 0.68 ]
186 187 12 3112 7 [ 42 84 126 189 210 294 ] [ 0.66 0.92 1.29 1.06 1.07 0.91 0.71 ]
187 186 12 3112 7 [ 42 105 210 231 252 336 ] [ 0.65 0.89 1.04 0.94 1.12 0.92 0.81 ]
189 193 12 3251 7 [ 42 105 189 231 315 399 ] [ 0.82 0.82 1.29 1.02 1.26 0.98 0.84 ]
193 189 12 3251 7 [ 21 84 126 252 336 378 ] [ 0.65 0.84 1.09 0.96 1.18 0.95 0.86 ]
193 194 2 376 7 [ 21 105 126 210 273 336 ] [ 0.72 0.83 1.16 0.94 1.29 0.82 0.80 ]
194 193 2 376 7 [ 42 63 105 126 189 336 ] [ 0.65 0.92 1.02 0.97 1.09 0.98 0.80 ]
194 195 2 292 7 [ 42 168 231 273 315 336 ] [ 0.69 0.97 1.17 0.97 1.24 0.86 0.71 ]
195 194 2 292 7 [ 21 189 252 315 378 399 ] [ 0.72 0.83 1.07 0.97 1.03 0.98 0.78 ]
194 196 2 301 7 [ 63 105 126 168 273 294 ] [ 0.63 0.86 1.22 0.91 1.12 0.81 0.85 ]
196 194 2 301 7 [ 63 126 168 273 315 399 ] [ 0.68 0.94 1.28 0.95 1.14 0.99 0.63 ]
185 196 12 3261 7 [ 21 42 84 105 231 294 ] [ 0.66 0.82 1.12 1.04 1.03 0.88 0.78 ]
196 185 12 3261 7 [ 84 168 252 315 336 399 ] [ 0.62 0.86 1.18 1.06 1.11 0.95 0.74 ]
196 197 2 309 7 [ 42 63 126 168 315 378 ] [ 0.64 0.83 1.22 1.04 1.21 0.99 0.68 ]
197 196 2 309 7 [ 21 105 189 252 294 378 ] [ 0.81 0.88 1.12 0.94 1.22 0.87 0.81 ]
195 197 2 206 7 [ 21 105 147 189 273 378 ] [ 0.69 0.93 1.12 1.00 1.01 0.83 0.81 ]
197 195 2 206 7 [ 126 168 189 252 315 336 ] [ 0.65 0.95 1.26 1.06 1.02 0.99 0.62 ]
197 198 12 3240 7 [ 105 147 210 231 294 315 ] [ 0.88 0.92 1.13 0.92 1.24 0.85 0.67 ]
198 197 12 3240 7 [ 42 84 189 210 252 273 ] [ 0.79 0.84 1.04 0.98 1.22 0.92 0.86 ]
195 198 11 3076 7 [ 147 294 315 336 378 399 ] [ 0.83 0.98 1.29 0.95 1.03 0.97 0.75 ]
198 195 11 3076 7 [ 21 42 147 273 315 336 ] [ 0.85 0.96 1.02 0.96 1.26 0.96 0.60 ]
198 199 10 2518 7 [ 21 63 84 294 357 378 ] [ 0.77 0.99 1.15 1.04 1.29 0.89 0.88 ]
199 198 10 2518 7 [ 105 126 147 168 336 357 ] [ 0.78 0.96 1.10 0.93 1.26 0.87 0.67 ]
199 200 4 950 7 [ 84 105 189 231 336 378 ] [ 0.80 0.89 1.21 1.03 1.10 0.86 0.90 ]
200 199 4 950 7 [ 42 84 105 273 336 378 ] [ 0.75 0.97 1.12 1.02 1.21 0.93 0.84 ]
199 201 4 937 7 [ 105 189 273 315 336 357 ] [ 0.66 0.84 1.12 0.93 1.18 0.94 0.89 ]
201 199 4 937 7 [ 21 84 231 252 273 399 ] [ 0.79 0.85 1.16 1.01 1.08 0.82 0.84 ]
200 201 2 402 7 [ 42 105 210 357 378 399 ] [ 0.67 0.86 1.08 0.98 1.24 0.99 0.61 ]
201 200 2 402 7 [ 21 210 294 357 378 399 ] [ 0.72 0.96 1.14 0.98 1.12 0.90 0.72 ]
201 202 6 1544 7 [ 42 147 168 231 252 399 ] [ 0.79 0.97 1.29 1.07 1.25 0.90 0.68 ]
202 201 6 1544 7 [ 42 84 189 252 273 336 ] [ 0.71 0.84 1.21 1.02 1.02 0.91 0.72 ]
202 203 10 2782 7 [ 189 210 231 252 336 378 ] [ 0.89 0.80 1.01 1.02 1.30 0.87 0.88 ]
203 202 10 2782 7 [ 63 105 147 252 273 399 ] [ 0.75 0.97 1.20 0.95 1.02 0.82 0.90 ]
202 250 19 5204 7 [ 63 84 105 126 189 399 ] [ 0.64 0.84 1.11 0.91 1.15 0.87 0.67 ]
250 202 19 5204 7 [ 105 189 210 315 336 357 ] [ 0.64 0.99 1.06 1.04 1.02 0.91 0.69 ]
251 203 6 1611 7 [ 105 168 189 315 336 378 ] [ 0.77 1.00 1.30 1.01 1.09 0.87 0.81 ]
203 251 6 1611 7 [ 84 105 210 231 252 357 ] [ 0.89 0.86 1.03 1.09 1.28 0.95 0.88 ]
203 204 9 2263 7 [ 147 189 252 315 336 378 ] [ 0.76 0.88 1.27 0.92 1.12 0.99 0.71 ]
204 203 9 2263 7 [ 42 84 105 126 189 273 ] [ 0.77 0.92 1.19 0.95 1.06 0.93 0.65 ]
200 205 4 883 7 [ 42 63 147 210 231 336 ] [ 0.79 0.83 1.22 1.09 1.22 0.95 0.77 ]
205 200 4 883 7 [ 126 168 210 231 252 378 ] [ 0.82 0.99 1.27 1.05 1.07 0.90 0.66 ]
205 204 9 2489 7 [ 21 42 105 147 357 378 ] [ 0.68 0.84 1.26 1.09 1.08 0.94 0.83 ]
204 205 9 2489 7 [ 21 42 63 189 294 336 ] [ 0.80 0.99 1.17 0.96 1.05 0.84 0.73 ]
204 206 7 1895 7 [ 21 63 105 189 252 399 ] [ 0.65 0.80 1.28 0.91 1.15 0.95 0.69 ]
206 204 7 1895 7 [ 21 42 84 105 147 357 ] [ 0.86 0.99 1.03 1.09 1.24 0.91 0.68 ]
206 207 11 2848 7 [ 42 63 84 252 294 378 ] [ 0.67 0.89 1.18 1.00 1.17 0.90 0.89 ]
207 206 11 2848 7 [ 21 42 105 126 189 252 ] [ 0.81 0.83 1.19 1.05 1.12 0.93 0.86 ]
208 209 6 1518 7 [ 21 63 126 231 357 399 ] [ 0.79 0.96 1.11 1.01 1.04 0.80 0.77 ]
209 208 6 1518 7 [ 42 168 294 336 357 378 ] [ 0.71 0.99 1.05 0.93 1.13 0.90 0.89 ]
209 210 2 364 7 [ 21 105 168 273 315 399 ] [ 0.71 0.86 1.14 1.05 1.22 0.82 0.73 ]
210 209 2 364 7 [ 21 126 231 294 336 378 ] [ 0.89 0.84 1.23 0.99 1.03 0.90 0.65 ]
209 211 17 4722 7 [ 84 168 189 210 336 399 ] [ 0.70 0.82 1.28 0.96 1.13 0.98 0.89 ]
211 209 17 4722 7 [ 42 84 126 147 252 399 ] [ 0.61 0.99 1.05 0.91 1.18 0.84 0.77 ]
206 211 20 5738 7 [ 84 105 147 189 315 399 ] [ 0.74 0.91 1.27 1.01 1.28 0.96 0.69 ]
211 206 20 5738 7 [ 126 147 210 252 273 357 ] [ 0.61 0.96 1.27 1.02 1.16 0.90 0.61 ]
205 212 7 1700 7 [ 21 63 105 126 189 399 ] [ 0.81 0.90 1.05 0.99 1.04 0.82 0.74 ]
212 205 7 1700 7 [ 21 42 84 315 336 357 ] [ 0.66 0.85 1.05 1.09 1.22 0.87 0.63 ]
212 213 5 1250 7 [ 105 126 147 210 294 399 ] [ 0.67 0.80 1.20 1.00 1.03 0.97 0.76 ]
213 212 5 1250 7 [ 63 168 210 252 294 315 ] [ 0.60 0.99 1.21 0.93 1.22 0.86 0.63 ]
212 214 6 1561 7 [ 105 168 189 315 357 378 ] [ 0.78 0.89 1.18 1.07 1.17 0.90 0.83 ]
214 212 6 1561 7 [ 21 42 168 294 336 399 ] [ 0.87 0.88 1.05 0.97 1.02 0.83 0.81 ]
213 214 5 1265 7 [ 21 42 147 273 294 399 ] [ 0.84 0.96 1.11 1.07 1.27 0.99 0.64 ]
214 213 5 1265 7 [ 168 231 273 315 378 399 ] [ 0.62 0.95 1.23 1.03 1.07 0.85 0.75 ]
213 215 23 6400 7 [ 84 189 252 315 357 378 ] [ 0.70 0.99 1.20 0.98 1.20 0.93 0.71 ]
215 213 23 6400 7 [ 84 126 189 252 294 357 ] [ 0.80 0.84 1.25 0.96 1.16 0.85 0.67 ]
215 216 9 2285 7 [ 42 105 147 189 252 357 ] [ 0.65 0.90 1.30 1.00 1.08 0.94 0.69 ]
216 215 9 2285 7 [ 21 63 126 210 231 273 ] [ 0.85 0.88 1.06 1.01 1.19 0.99 0.73 ]
217 218 7 1659 7 [ 21 63 231 252 294 315 ] [ 0.85 0.97 1.15 0.92 1.30 0.90 0.83 ]
218 217 7 1659 7 [ 42 168 231 315 378 399 ] [ 0.75 0.92 1.18 1.08 1.01 0.83 0.77 ]
218 219 5 1320 7 [ 42 105 126 147 210 336 ] [ 0.71 0.84 1.16 1.04 1.01 0.91 0.69 ]
219 218 5 1320 7 [ 189 210 231 273 357 399 ] [ 0.81 0.92 1.27 1.04 1.06 0.84 0.67 ]
218 215 6 1346 7 [ 21 84 147 273 294 357 ] [ 0.66 0.85 1.04 1.09 1.08 0.89 0.74 ]
215 218 6 1346 7 [ 42 147 189 252 273 357 ] [ 0.70 0.81 1.23 1.01 1.05 0.98 0.89 ]
214 220 17 4667 7 [ 42 84 126 147 189 399 ] [ 0.80 0.93 1.15 0.95 1.16 0.98 0.84 ]
220 214 17 4667 7 [ 84 147 168 231 294 336 ] [ 0.66 0.85 1.19 0.92 1.20 0.81 0.64 ]
223 224 3 545 7 [ 126 210 252 336 357 378 ] [ 0.75 0.87 1.16 0.93 1.19 0.81 0.81 ]
224 223 3 545 7 [ 63 105 126 210 231 399 ] [ 0.80 0.86 1.12 1.10 1.15 0.82 0.65 ]
223 225 4 745 7 [ 21 147 189 210 315 399 ] [ 0.89 0.98 1.12 1.10 1.04 0.97 0.66 ]
225 223 4 745 7 [ 126 189 231 252 336 378 ] [ 0.73 0.96 1.05 0.95 1.14 0.84 0.67 ]
222 224 5 1070 7 [ 105 126 168 210 294 336 ] [ 0.88 0.84 1.03 1.05 1.25 0.80 0.81 ]
224 222 5 1070 7 [ 84 105 189 231 294 315 ] [ 0.82 0.86 1.11 1.03 1.15 0.88 0.85 ]
222 226 5 1133 7 [ 63 189 210 273 294 336 ] [ 0.62 0.91 1.13 1.07 1.05 0.99 0.85 ]
226 222 5 1133 7 [ 42 189 210 231 336 378 ] [ 0.79 0.86 1.18 1.06 1.12 0.92 0.63 ]
226 227 12 3200 7 [ 63 147 231 273 315 357 ] [ 0.73 0.90 1.17 1.04 1.04 0.96 0.68 ]
227 226 12 3200 7 [ 63 84 273 315 378 399 ] [ 0.68 0.85 1.02 0.94 1.21 0.95 0.81 ]
222 228 10 2680 7 [ 21 42 84 189 357 378 ] [ 0.83 0.83 1.10 1.02 1.26 0.87 0.74 ]
228 222 10 2680 7 [ 42 105 147 252 273 357 ] [ 0.65 0.92 1.24 1.03 1.25 0.99 0.62 ]
228 229 2 418 7 [ 21 84 168 231 336 378 ] [ 0.78 0.90 1.12 1.03 1.19 0.86 0.63 ]
229 228 2 418 7 [ 21 42 63 210 315 378 ] [ 0.84 0.81 1.14 0.95 1.23 0.88 0.87 ]
229 230 2 326 7 [ 42 63 210 231 315 378 ] [ 0.79 0.93 1.28 1.03 1.14 0.93 0.76 ]
230 229 2 326 7 [ 63 147 168 294 315 336 ] [ 0.73 0.87 1.06 0.94 1.18 0.99 0.62 ]
228 230 2 220 7 [ 21 105 189 294 336 357 ] [ 0.87 0.90 1.23 0.91 1.10 0.86 0.88 ]
230 228 2 220 7 [ 42 63 126 210 336 399 ] [ 0.67 0.97 1.21 0.97 1.08 0.90 0.67 ]
230 231 6 1412 7 [ 84 105 126 147 231 378 ] [ 0.77 0.99 1.25 0.91 1.17 0.95 0.78 ]
231 230 6 1412 7 [ 42 84 105 147 168 210 ] [ 0.66 0.94 1.18 0.90 1.13 0.80 0.87 ]
231 232 15 4093 7 [ 147 252 273 294 315 378 ] [ 0.75 0.87 1.18 1.02 1.04 0.96 0.67 ]
232 231 15 4093 7 [ 21 63 105 189 273 294 ] [ 0.71 0.98 1.23 1.04 1.24 0.89 0.79 ]
232 233 15 4007 7 [ 21 126 210 231 294 357 ] [ 0.76 0.97 1.01 1.03 1.23 0.85 0.72 ]
233 232 15 4007 7 [ 126 147 168 189 294 315 ] [ 0.72 0.91 1.20 0.96 1.04 0.96 0.70 ]
232 254 2 354 7 [ 42 168 210 294 336 399 ] [ 0.80 0.91 1.10 0.91 1.00 0.87 0.79 ]
254 232 2 354 7 [ 126 231 294 336 378 399 ] [ 0.76 0.89 1.17 1.07 1.08 0.89 0.70 ]
231 233 26 7275 7 [ 105 210 273 357 378 399 ] [ 0.90 0.93 1.10 0.93 1.18 0.97 0.88 ]
233 231 26 7275 7 [ 84 147 168 210 231 378 ] [ 0.68 0.96 1.13 1.04 1.13 0.92 0.67 ]
229 234 13 3445 7 [ 21 147 189 231 273 357 ] [ 0.68 0.88 1.28 0.97 1.27 0.90 0.82 ]
234 229 13 3445 7 [ 21 63 84 147 336 399 ] [ 0.70 0.87 1.29 0.96 1.16 0.97 0.77 ]
234 235 7 1645 7 [ 21 63 84 126 315 378 ] [ 0.75 0.80 1.23 1.05 1.02 0.96 0.66 ]
235 234 7 1645 7 [ 42 105 252 273 315 378 ] [ 0.65 0.87 1.01 1.06 1.15 0.89 0.85 ]
235 236 5 1063 7 [ 21 63 84 273 294 399 ] [ 0.72 0.97 1.02 0.93 1.24 0.84 0.89 ]
236 235 5 1063 7 [ 84 126 168 210 378 399 ] [ 0.64 0.82 1.02 0.93 1.29 0.92 0.63 ]
235 237 7 1669 7 [ 21 189 252 294 378 399 ] [ 0.81 0.82 1.27 0.92 1.04 0.85 0.71 ]
237 235 7 1669 7 [ 84 105 126 168 189 399 ] [ 0.73 0.83 1.26 1.08 1.04 0.89 0.84 ]
237 192 4 901 7 [ 21 63 105 189 210 357 ] [ 0.75 0.87 1.10 0.98 1.20 0.93 0.72 ]
192 237 4 901 7 [ 63 189 231 273 357 399 ] [ 0.68 0.93 1.19 1.05 1.29 0.88 0.67 ]
237 238 5 1077 7 [ 126 168 231 315 357 378 ] [ 0.80 0.89 1.22 1.01 1.04 0.94 0.87 ]
238 237 5 1077 7 [ 21 63 84 105 147 357 ] [ 0.89 0.93 1.30 1.02 1.07 0.91 0.60 ]
238 234 6 1426 7 [ 21 42 84 168 273 315 ] [ 0.85 0.96 1.09 0.92 1.15 0.81 0.88 ]
234 238 6 1426 7 [ 42 147 210 273 378 399 ] [ 0.83 0.91 1.14 0.96 1.16 0.92 0.70 ]
240 241 5 1248 7 [ 63 189 210 273 315 336 ] [ 0.78 0.92 1.28 1.09 1.29 0.90 0.82 ]
241 240 5 1248 7 [ 84 105 168 231 315 336 ] [ 0.78 0.86 1.16 0.94 1.05 0.83 0.74 ]
241 191 2 403 7 [ 63 84 168 294 336 378 ] [ 0.62 0.92 1.20 1.00 1.18 0.96 0.84 ]
191 241 2 403 7 [ 42 105 210 231 252 357 ] [ 0.75 0.93 1.17 0.96 1.29 0.88 0.84 ]
241 242 7 1690 7 [ 42 84 168 210 231 252 ] [ 0.77 0.81 1.29 1.01 1.21 0.82 0.84 ]
242 241 7 1690 7 [ 21 42 84 105 189 315 ] [ 0.78 0.86 1.21 1.02 1.22 0.94 0.63 ]
240 242 5 1217 7 [ 105 189 252 336 357 399 ] [ 0.63 0.89 1.29 1.00 1.26 0.83 0.73 ]
242 240 5 1217 7 [ 21 84 147 210 231 378 ] [ 0.75 0.97 1.18 0.95 1.11 0.98 0.74 ]
242 243 6 1580 7 [ 21 63 147 168 210 336 ] [ 0.72 0.83 1.27 1.08 1.05 0.89 0.64 ]
243 242 6 1580 7 [ 21 63 84 105 210 378 ] [ 0.78 0.96 1.01 1.08 1.09 0.84 0.71 ]
242 244 7 1752 7 [ 63 189 210 315 357 378 ] [ 0.70 0.93 1.25 0.91 1.21 0.83 0.80 ]
244 242 7 1752 7 [ 63 126 210 273 315 357 ] [ 0.65 0.84 1.08 0.94 1.00 0.80 0.88 ]
243 244 3 620 7 [ 42 105 189 294 336 378 ] [ 0.75 0.85 1.25 0.95 1.14 0.91 0.86 ]
244 243 3 620 7 [ 105 273 315 336 357 378 ] [ 0.68 0.87 1.09 0.99 1.14 0.86 0.63 ]
243 193 5 1198 7 [ 63 84 189 210 231 315 ] [ 0.84 0.89 1.22 1.08 1.16 0.83 0.78 ]
193 243 5 1198 7 [ 63 147 273 294 336 399 ] [ 0.80 0.90 1.18 0.96 1.09 0.81 0.65 ]
244 245 19 5203 7 [ 126 231 252 357 378 399 ] [ 0.86 0.99 1.17 0.99 1.08 0.82 0.80 ]
245 244 19 5203 7 [ 21 42 126 210 231 315 ] [ 0.90 0.95 1.28 1.05 1.16 0.88 0.77 ]
245 214 6 1326 7 [ 63 105 126 294 315 378 ] [ 0.66 0.91 1.09 1.08 1.21 0.90 0.87 ]
214 245 6 1326 7 [ 21 84 126 189 210 252 ] [ 0.65 0.82 1.08 0.91 1.18 0.84 0.68 ]
245 246 10 2680 7 [ 42 105 273 294 357 378 ] [ 0.73 0.85 1.16 1.05 1.16 0.95 0.89 ]
246 245 10 2680 7 [ 189 210 231 294 336 357 ] [ 0.73 0.84 1.10 1.03 1.28 0.90 0.72 ]
246 247 8 2068 7 [ 42 63 105 189 252 294 ] [ 0.76 0.86 1.09 1.04 1.15 0.94 0.64 ]
247 246 8 2068 7 [ 105 189 273 336 357 378 ] [ 0.75 0.90 1.30 1.06 1.22 0.96 0.89 ]
244 247 11 2904 7 [ 21 168 189 273 315 399 ] [ 0.75 0.82 1.09 1.08 1.23 0.95 0.75 ]
247 244 11 2904 7 [ 21 42 168 210 294 336 ] [ 0.79 0.87 1.02 0.96 1.15 0.94 0.85 ]
247 248 3 624 7 [ 42 84 105 189 273 378 ] [ 0.88 0.92 1.05 1.03 1.06 0.88 0.89 ]
248 247 3 624 7 [ 63 105 168 210 294 336 ] [ 0.69 0.84 1.27 0.92 1.06 0.86 0.63 ]
248 239 4 876 7 [ 42 63 84 357 378 399 ] [ 0.81 0.91 1.04 0.94 1.20 0.88 0.73 ]
239 248 4 876 7 [ 126 168 252 273 336 399 ] [ 0.75 0.97 1.20 0.91 1.15 0.81 0.61 ]
248 249 7 1840 7 [ 42 126 189 210 336 378 ] [ 0.79 0.99 1.05 1.01 1.01 0.96 0.66 ]
249 248 7 1840 7 [ 126 147 273 294 357 399 ] [ 0.67 0.99 1.14 1.01 1.08 0.87 0.85 ]
246 249 6 1432 7 [ 21 84 126 252 294 336 ] [ 0.78 0.90 1.05 0.98 1.25 0.99 0.76 ]
249 246 6 1432 7 [ 21 84 126 168 273 315 ] [ 0.87 0.98 1.19 0.92 1.02 0.90 0.73 ]
249 228 4 812 7 [ 21 84 189 231 336 378 ] [ 0.67 0.99 1.24 0.95 1.04 0.94 0.65 ]
228 249 4 812 7 [ 126 147 168 231 252 315 ] [ 0.87 0.95 1.05 1.08 1.22 0.85 0.78 ]
221 246 11 2857 7 [ 126 147 189 210 294 315 ] [ 0.72 0.98 1.00 0.94 1.19 0.86 0.83 ]
246 221 11 2857 7 [ 42 105 273 294 315 378 ] [ 0.77 0.81 1.02 0.98 1.21 0.90 0.77 ]
24 0 11 0 7 [ 42 63 126 231 252 294 ] [ 0.86 0.96 1.12 1.00 1.06 0.81 0.73 ]
0 24 11 0 7 [ 21 42 105 126 273 378 ] [ 0.65 0.96 1.03 0.95 1.14 0.96 0.75 ]
24 37 3 0 7 [ 189 210 252 294 357 378 ] [ 0.72 0.88 1.29 1.04 1.15 0.82 0.80 ]
37 24 3 0 7 [ 126 231 252 294 336 399 ] [ 0.83 0.90 1.12 0.98 1.23 0.84 0.85 ]
63 66 12 0 7 [ 105 147 168 231 252 294 ] [ 0.83 0.86 1.28 1.05 1.19 0.95 0.65 ]
66 63 12 0 7 [ 42 63 168 231 252 357 ] [ 0.70 0.98 1.05 0.96 1.25 0.82 0.79 ]
65 66 15 0 7 [ 84 210 252 273 336 357 ] [ 0.83 0.93 1.27 1.02 1.16 0.88 0.85 ]
66 65 15 0 7 [ 21 42 84 210 252 399 ] [ 0.79 0.98 1.03 1.07 1.19 0.86 0.71 ]
66 67 16 0 7 [ 42 147 294 315 357 399 ] [ 0.85 0.94 1.04 1.01 1.06 0.96 0.80 ]
67 66 16 0 7 [ 42 63 168 294 315 336 ] [ 0.83 0.81 1.01 1.03 1.12 0.89 0.81 ]
173 182 4 0 7 [ 105 126 189 252 315 399 ] [ 0.64 0.92 1.01 1.06 1.09 0.91 0.89 ]
182 173 4 0 7 [ 84 105 147 168 252 378 ] [ 0.82 0.92 1.18 1.03 1.27 0.92 0.79 ]
183 184 6 0 7 [ 42 63 189 252 294 315 ] [ 0.62 0.86 1.10 0.95 1.23 0.95 0.64 ]
184 183 6 0 7 [ 63 147 252 273 294 399 ] [ 0.67 0.80 1.24 1.03 1.27 0.82 0.73 ]
184 252 13 0 7 [ 63 147 231 273 294 336 ] [ 0.81 0.85 1.29 1.00 1.05 0.91 0.64 ]
252 184 13 0 7 [ 84 147 210 231 273 315 ] [ 0.85 0.89 1.26 1.06 1.26 0.82 0.61 ]
183 186 6 0 7 [ 63 126 168 252 315 357 ] [ 0.73 0.82 1.06 1.00 1.26 0.94 0.74 ]
186 183 6 0 7 [ 21 63 105 231 336 399 ] [ 0.71 0.99 1.30 0.98 1.09 0.81 0.68 ]
187 173 8 0 7 [ 42 231 252 294 315 336 ] [ 0.81 0.90 1.17 0.98 1.29 0.98 0.69 ]
173 187 8 0 7 [ 42 126 147 315 336 399 ] [ 0.64 0.90 1.22 0.92 1.11 0.83 0.83 ]
187 188 4 0 7 [ 105 147 168 231 273 315 ] [ 0.76 0.99 1.27 0.93 1.11 1.00 0.79 ]
188 187 4 0 7 [ 42 84 105 126 189 294 ] [ 0.70 0.98 1.12 1.00 1.20 0.96 0.73 ]
188 189 10 0 7 [ 42 84 231 315 336 399 ] [ 0.78 0.85 1.07 0.92 1.08 0.89 0.76 ]
189 188 10 0 7 [ 21 63 252 315 357 399 ] [ 0.62 0.87 1.10 0.91 1.15 0.99 0.71 ]
188 190 4 0 7 [ 42 63 147 168 189 378 ] [ 0.79 0.86 1.03 0.96 1.24 0.87 0.76 ]
190 188 4 0 7 [ 21 63 105 126 168 336 ] [ 0.71 0.99 1.13 1.07 1.03 0.93 0.89 ]
190 191 5 0 7 [ 63 84 126 189 210 252 ] [ 0.84 0.83 1.23 1.02 1.28 0.89 0.81 ]
191 190 5 0 7 [ 189 294 315 336 357 378 ] [ 0.84 0.91 1.10 1.09 1.15 1.00 0.63 ]
190 192 5 0 7 [ 21 105 168 210 336 378 ] [ 0.70 0.90 1.24 1.05 1.01 0.95 0.71 ]
192 190 5 0 7 [ 21 63 105 231 336 357 ] [ 0.61 0.93 1.15 0.93 1.11 0.85 0.70 ]
191 192 3 0 7 [ 21 63 168 210 273 378 ] [ 0.73 0.89 1.19 1.02 1.01 0.93 0.84 ]
192 191 3 0 7 [ 147 231 294 357 378 399 ] [ 0.72 0.84 1.06 0.97 1.12 0.89 0.75 ]
251 250 9 0 7 [ 63 168 189 273 294 378 ] [ 0.82 0.89 1.23 0.91 1.28 0.91 0.61 ]
250 251 9 0 7 [ 63 105 126 189 336 399 ] [ 0.63 0.91 1.04 0.99 1.11 0.85 0.66 ]
207 208 12 0 7 [ 147 168 336 357 378 399 ] [ 0.80 0.98 1.06 1.06 1.24 0.93 0.84 ]
208 207 12 0 7 [ 63 168 189 294 336 357 ] [ 0.81 0.89 1.17 0.90 1.20 0.82 0.64 ]
253 217 7 0 7 [ 84 147 189 273 294 315 ] [ 0.67 0.89 1.20 0.92 1.00 0.97 0.61 ]
217 253 7 0 7 [ 21 42 168 189 210 231 ] [ 0.62 0.85 1.12 0.97 1.03 0.93 0.69 ]
220 221 3 0 7 [ 21 63 147 336 357 399 ] [ 0.74 0.98 1.23 1.07 1.23 0.91 0.68 ]
221 220 3 0 7 [ 21 42 168 294 336 378 ] [ 0.84 0.90 1.27 0.97 1.23 0.91 0.82 ]
221 222 3 0 7 [ 84 105 126 189 294 378 ] [ 0.88 0.92 1.08 0.99 1.01 0.85 0.69 ]
222 221 3 0 7 [ 21 105 189 273 357 378 ] [ 0.86 0.95 1.28 1.10 1.05 0.95 0.66 ]
220 223 7 0 7 [ 189 210 273 294 378 399 ] [ 0.61 0.81 1.25 0.91 1.23 0.95 0.76 ]
223 220 7 0 7 [ 21 84 147 189 315 357 ] [ 0.71 0.98 1.21 1.01 1.16 0.83 0.76 ]
221 224 4 0 7 [ 84 105 231 294 315 357 ] [ 0.85 0.92 1.02 1.05 1.26 0.98 0.73 ]
224 221 4 0 7 [ 21 63 189 231 273 315 ] [ 0.65 0.97 1.06 0.99 1.26 0.87 0.82 ]
234 239 8 0 7 [ 63 105 126 273 378 399 ] [ 0.90 0.92 1.09 1.05 1.10 0.99 0.60 ]
239 234 8 0 7 [ 21 105 147 252 315 399 ] [ 0.80 0.88 1.27 1.02 1.07 0.96 0.87 ]
239 240 11 0 7 [ 42 63 84 105 210 357 ] [ 0.84 0.80 1.09 0.95 1.26 0.90 0.65 ]
240 239 11 0 7 [ 21 63 84 105 273 315 ] [ 0.60 0.86 1.10 0.98 1.14 0.80 0.66 ]
238 240 6 0 7 [ 63 105 210 273 357 378 ] [ 0.86 0.93 1.18 0.91 1.04 0.80 0.85 ]
240 238 6 0 7 [ 63 231 252 273 315 399 ] [ 0.69 0.94 1.28 1.01 1.02 0.96 0.74 ]
211 253 4 0 7 [ 42 168 189 273 336 378 ] [ 0.89 0.93 1.03 0.92 1.28 0.81 0.64 ]
253 211 4 0 7 [ 21 126 168 189 336 378 ] [ 0.85 0.98 1.03 1.03 1.24 1.00 0.83 ]
216 253 2 0 7 [ 21 84 189 273 294 357 ] [ 0.87 0.85 1.28 1.01 1.26 0.97 0.75 ]
253 216 2 0 7 [ 210 231 273 294 336 378 ] [ 0.88 0.89 1.22 0.91 1.03 0.96 0.88 ]
