NAME : egl-g2-B
VERTICES : 255
EDG_REQ : 375
EDG_NONREQ : 0
VEHICLES : 27
CAPACITY : 23100
DEPOT : 0
STARTTIME : 0
ENDTIME : 420
SERVICE_SPEED_FACTOR : 0.70
[NETWORK_DATA]
0 4 8 1860 7 [ 63 84 126 168 315 357 ] [ 0.60 0.90 1.26 1.02 1.21 0.92 0.74 ]
4 0 8 1860 7 [ 42 63 231 252 336 399 ] [ 0.81 0.86 1.19 1.00 1.20 1.00 0.63 ]
4 5 3 556 7 [ 21 84 126 252 315 357 ] [ 0.78 0.90 1.03 1.01 1.08 0.98 0.68 ]
5 4 3 556 7 [ 84 147 210 252 315 336 ] [ 0.72 0.81 1.07 1.03 1.06 0.81 0.77 ]
5 6 4 821 7 [ 63 168 189 210 273 399 ] [ 0.64 0.91 1.10 1.08 1.23 0.99 0.67 ]
6 5 4 821 7 [ 21 105 189 273 315 378 ] [ 0.65 0.96 1.08 1.02 1.15 0.87 0.69 ]
6 7 3 606 7 [ 42 126 147 231 252 294 ] [ 0.71 0.81 1.12 0.91 1.04 0.89 0.64 ]
7 6 3 606 7 [ 63 84 147 231 378 399 ] [ 0.88 0.90 1.07 0.90 1.21 0.93 0.89 ]
7 8 9 2195 7 [ 63 189 252 273 315 399 ] [ 0.60 0.84 1.20 1.00 1.14 0.91 0.60 ]
8 7 9 2195 7 [ 63 147 231 252 294 336 ] [ 0.62 0.87 1.06 1.08 1.29 0.88 0.85 ]
8 9 2 282 7 [ 42 84 105 189 252 273 ] [ 0.63 0.90 1.28 1.04 1.06 0.84 0.82 ]
9 8 2 282 7 [ 63 105 147 189 231 357 ] [ 0.77 0.87 1.02 1.01 1.20 0.87 0.72 ]
9 10 8 1834 7 [ 21 189 231 294 315 378 ] [ 0.77 0.89 1.16 0.90 1.16 0.91 0.89 ]
10 9 8 1834 7 [ 21 63 84 210 273 378 ] [ 0.90 0.99 1.24 1.08 1.11 0.87 0.82 ]
10 11 5 1109 7 [ 63 84 210 252 294 315 ] [ 0.81 0.84 1.15 1.07 1.24 0.94 0.72 ]
11 10 5 1109 7 [ 42 147 231 315 336 378 ] [ 0.62 0.98 1.00 0.94 1.25 0.98 0.76 ]
11 12 3 591 7 [ 21 126 210 252 336 378 ] [ 0.61 0.98 1.29 1.02 1.15 0.96 0.75 ]
12 11 3 591 7 [ 63 84 147 189 357 378 ] [ 0.84 0.92 1.19 1.08 1.21 0.98 0.78 ]
12 13 13 3357 7 [ 42 126 147 252 336 399 ] [ 0.73 0.99 1.18 1.04 1.22 0.83 0.85 ]
13 12 13 3357 7 [ 42 168 273 315 336 399 ] [ 0.64 0.86 1.19 1.09 1.19 0.88 0.66 ]
13 14 8 1922 7 [ 63 105 168 294 315 336 ] [ 0.65 0.83 1.02 1.09 1.21 0.88 0.76 ]
14 13 8 1922 7 [ 147 168 210 273 378 399 ] [ 0.61 0.99 1.16 0.92 1.21 0.98 0.67 ]
4 15 2 390 7 [ 21 63 84 147 210 252 ] [ 0.69 1.00 1.19 0.90 1.30 0.81 0.70 ]
15 4 2 390 7 [ 84 105 147 168 189 252 ] [ 0.71 0.97 1.01 0.92 1.25 0.97 0.89 ]
15 16 2 221 7 [ 21 273 294 336 357 399 ] [ 0.60 1.00 1.11 1.06 1.16 0.97 0.76 ]
16 15 2 221 7 [ 21 105 147 273 294 336 ] [ 0.61 0.94 1.22 1.02 1.02 0.96 0.67 ]
16 17 2 318 7 [ 21 42 147 189 378 399 ] [ 0.82 0.94 1.19 1.08 1.17 0.87 0.77 ]
17 16 2 318 7 [ 42 84 210 315 378 399 ] [ 0.83 0.92 1.29 1.05 1.28 0.97 0.61 ]
5 17 3 429 7 [ 126 168 231 252 336 378 ] [ 0.75 0.90 1.01 1.06 1.28 0.98 0.83 ]
17 5 3 429 7 [ 168 189 210 294 315 399 ] [ 0.72 0.88 1.08 0.99 1.29 0.82 0.62 ]
17 18 4 717 7 [ 21 42 105 126 189 315 ] [ 0.78 0.92 1.06 1.09 1.23 0.85 0.74 ]
18 17 4 717 7 [ 21 84 147 231 378 399 ] [ 0.76 0.90 1.03 0.92 1.28 0.81 0.71 ]
6 18 3 503 7 [ 21 231 273 294 357 399 ] [ 0.71 0.97 1.19 1.08 1.05 0.93 0.76 ]
18 6 3 503 7 [ 84 231 273 294 357 378 ] [ 0.80 0.88 1.17 0.97 1.06 0.99 0.66 ]
15 19 4 960 7 [ 105 147 168 210 273 357 ] [ 0.75 0.84 1.29 1.09 1.03 0.98 0.86 ]
19 15 4 960 7 [ 21 147 210 231 273 294 ] [ 0.86 0.86 1.18 1.03 1.16 0.95 0.85 ]
19 20 3 669 7 [ 63 315 336 357 378 399 ] [ 0.77 0.83 1.01 1.06 1.13 0.98 0.69 ]
20 19 3 669 7 [ 126 147 168 189 210 252 ] [ 0.69 0.83 1.28 1.07 1.15 0.88 0.75 ]
18 20 3 460 7 [ 21 42 63 105 231 378 ] [ 0.89 0.87 1.10 0.90 1.02 0.81 0.86 ]
20 18 3 460 7 [ 63 84 105 168 273 357 ] [ 0.88 0.85 1.03 0.94 1.15 0.88 0.71 ]
19 21 3 519 7 [ 147 168 336 357 378 399 ] [ 0.73 1.00 1.16 0.95 1.05 0.86 0.79 ]
21 19 3 519 7 [ 63 84 105 294 315 357 ] [ 0.82 0.87 1.11 0.96 1.08 0.99 0.64 ]
21 22 3 463 7 [ 42 126 189 294 336 357 ] [ 0.63 0.81 1.15 0.96 1.22 0.93 0.72 ]
22 21 3 463 7 [ 42 63 105 168 231 252 ] [ 0.88 0.80 1.24 1.07 1.02 0.96 0.72 ]
20 22 5 985 7 [ 21 63 168 231 252 399 ] [ 0.77 0.84 1.23 0.97 1.22 1.00 0.77 ]
22 20 5 985 7 [ 21 147 231 252 315 378 ] [ 0.71 0.99 1.16 1.06 1.28 0.80 0.68 ]
21 23 3 528 7 [ 189 231 252 273 294 315 ] [ 0.70 1.00 1.24 0.91 1.27 0.93 0.70 ]
23 21 3 528 7 [ 21 84 147 189 210 294 ] [ 0.79 0.91 1.09 0.99 1.17 0.83 0.82 ]
22 23 3 479 7 [ 63 168 273 294 378 399 ] [ 0.68 0.97 1.04 0.96 1.14 0.96 0.76 ]
23 22 3 479 7 [ 21 84 147 168 294 378 ] [ 0.75 0.93 1.16 0.98 1.07 0.93 0.89 ]
23 24 7 1561 7 [ 21 84 231 252 357 399 ] [ 0.82 0.96 1.30 1.10 1.17 0.93 0.82 ]
24 23 7 1561 7 [ 84 231 252 294 315 357 ] [ 0.66 0.90 1.28 1.01 1.25 0.94 0.85 ]
24 0 11 2841 7 [ 42 105 147 273 315 336 ] [ 0.68 0.82 1.23 1.06 1.12 1.00 0.79 ]
0 24 11 2841 7 [ 21 168 231 273 336 378 ] [ 0.68 0.96 1.28 0.94 1.03 0.83 0.75 ]
20 25 3 681 7 [ 126 252 273 294 315 378 ] [ 0.80 0.96 1.18 1.07 1.29 0.92 0.66 ]
25 20 3 681 7 [ 105 147 189 210 252 273 ] [ 0.67 0.98 1.15 1.04 1.10 0.90 0.63 ]
7 25 5 1063 7 [ 21 42 105 168 252 357 ] [ 0.81 1.00 1.15 1.03 1.10 0.81 0.79 ]
25 7 5 1063 7 [ 21 126 147 168 315 378 ] [ 0.70 0.91 1.10 1.00 1.03 0.98 0.75 ]
6 254 5 991 7 [ 63 105 210 315 336 378 ] [ 0.77 0.91 1.19 1.01 1.03 0.85 0.68 ]
254 6 5 991 7 [ 42 168 189 294 336 357 ] [ 0.89 0.83 1.09 0.96 1.18 0.85 0.88 ]
25 26 4 969 7 [ 189 210 231 294 336 378 ] [ 0.68 0.85 1.18 1.00 1.27 0.91 0.81 ]
26 25 4 969 7 [ 126 189 210 273 357 378 ] [ 0.69 0.98 1.01 1.01 1.05 0.95 0.70 ]
22 27 6 1471 7 [ 21 126 189 210 231 273 ] [ 0.71 0.92 1.02 1.10 1.17 0.87 0.90 ]
27 22 6 1471 7 [ 84 105 147 252 357 378 ] [ 0.79 0.84 1.02 0.96 1.09 0.85 0.67 ]
26 27 3 590 7 [ 42 84 105 336 378 399 ] [ 0.63 0.92 1.23 1.09 1.30 0.95 0.78 ]
27 26 3 590 7 [ 147 168 189 273 294 336 ] [ 0.67 0.97 1.10 1.01 1.08 0.88 0.66 ]
26 28 4 720 7 [ 42 63 105 147 189 336 ] [ 0.82 0.81 1.09 0.96 1.13 0.90 0.82 ]
28 26 4 720 7 [ 42 147 273 294 315 336 ] [ 0.71 0.86 1.11 0.92 1.26 0.84 0.71 ]
27 28 4 819 7 [ 21 42 84 126 294 336 ] [ 0.85 0.87 1.16 0.97 1.26 0.93 0.72 ]
28 27 4 819 7 [ 84 147 210 231 378 399 ] [ 0.81 0.93 1.18 0.98 1.23 0.94 0.68 ]
8 28 4 794 7 [ 63 231 252 273 315 357 ] [ 0.71 0.80 1.03 1.08 1.13 0.86 0.63 ]
28 8 4 794 7 [ 21 210 294 315 378 399 ] [ 0.64 0.84 1.07 1.10 1.07 0.98 0.61 ]
8 254 3 637 7 [ 21 63 294 336 357 378 ] [ 0.88 0.94 1.03 0.99 1.18 0.93 0.64 ]
254 8 3 637 7 [ 63 126 252 294 315 336 ] [ 0.80 1.00 1.16 0.91 1.13 0.96 0.62 ]
9 29 3 498 7 [ 21 189 210 231 252 294 ] [ 0.89 0.89 1.24 0.98 1.04 0.91 0.88 ]
29 9 3 498 7 [ 42 168 189 210 315 399 ] [ 0.84 0.97 1.07 1.04 1.01 0.88 0.73 ]
28 30 3 559 7 [ 84 147 189 252 378 399 ] [ 0.68 0.98 1.25 0.95 1.27 0.90 0.71 ]
30 28 3 559 7 [ 42 84 105 252 315 357 ] [ 0.61 0.97 1.04 1.09 1.02 0.82 0.75 ]
30 29 2 383 7 [ 105 147 168 252 294 315 ] [ 0.83 0.84 1.15 0.99 1.17 0.99 0.90 ]
29 30 2 383 7 [ 210 231 252 315 336 378 ] [ 0.88 0.97 1.01 0.99 1.21 0.99 0.67 ]
30 31 7 1671 7 [ 84 168 315 336 357 399 ] [ 0.72 0.92 1.26 1.04 1.19 0.98 0.76 ]
31 30 7 1671 7 [ 84 147 168 210 294 336 ] [ 0.79 1.00 1.19 0.96 1.21 0.94 0.64 ]
31 32 3 420 7 [ 105 147 189 273 294 357 ] [ 0.64 0.95 1.24 0.92 1.21 0.92 0.87 ]
32 31 3 420 7 [ 21 210 231 294 378 399 ] [ 0.68 0.96 1.14 0.90 1.24 0.90 0.88 ]
29 32 6 1373 7 [ 21 189 210 294 336 378 ] [ 0.64 1.00 1.26 1.02 1.16 0.91 0.82 ]
32 29 6 1373 7 [ 84 231 252 294 315 336 ] [ 0.60 0.83 1.22 0.94 1.08 0.98 0.87 ]
32 10 1 130 7 [ 21 84 189 231 273 399 ] [ 0.81 1.00 1.23 1.00 1.09 0.91 0.78 ]
10 32 1 130 7 [ 21 84 147 189 210 294 ] [ 0.89 0.80 1.29 1.09 1.17 0.95 0.82 ]
31 33 3 546 7 [ 21 168 210 231 294 378 ] [ 0.79 0.95 1.20 0.93 1.14 0.86 0.69 ]
33 31 3 546 7 [ 105 126 147 189 273 315 ] [ 0.70 0.94 1.11 1.00 1.01 0.93 0.79 ]
33 34 3 510 7 [ 42 63 84 105 294 357 ] [ 0.74 0.97 1.14 0.97 1.08 0.81 0.80 ]
34 33 3 510 7 [ 42 84 126 147 336 378 ] [ 0.68 0.87 1.21 1.00 1.11 0.87 0.84 ]
34 35 2 363 7 [ 21 42 210 231 294 357 ] [ 0.90 0.98 1.27 1.08 1.09 0.82 0.81 ]
35 34 2 363 7 [ 84 105 189 336 378 399 ] [ 0.77 1.00 1.29 0.95 1.17 0.81 0.65 ]
35 32 3 424 7 [ 21 63 147 294 378 399 ] [ 0.63 0.85 1.17 1.08 1.12 0.82 0.87 ]
32 35 3 424 7 [ 168 189 231 294 315 378 ] [ 0.88 0.95 1.20 1.09 1.17 0.97 0.83 ]
35 11 3 673 7 [ 42 84 126 273 294 378 ] [ 0.84 0.91 1.21 0.92 1.26 0.96 0.62 ]
11 35 3 673 7 [ 63 84 273 294 336 378 ] [ 0.84 0.89 1.10 1.02 1.25 0.96 0.66 ]
34 36 4 894 7 [ 42 126 273 315 336 399 ] [ 0.71 0.98 1.13 0.91 1.18 0.98 0.81 ]
36 34 4 894 7 [ 84 105 252 294 315 336 ] [ 0.69 0.87 1.29 0.93 1.22 0.86 0.72 ]
36 12 2 226 7 [ 105 147 231 252 315 336 ] [ 0.81 0.97 1.12 0.96 1.10 0.87 0.61 ]
12 36 2 226 7 [ 21 210 315 357 378 399 ] [ 0.80 0.92 1.27 1.05 1.23 0.89 0.63 ]
24 37 4 709 7 [ 84 105 231 273 294 378 ] [ 0.88 0.84 1.16 1.00 1.14 0.93 0.77 ]
37 24 4 709 7 [ 84 105 168 189 378 399 ] [ 0.72 0.98 1.27 0.92 1.18 0.91 0.84 ]
37 38 8 2022 7 [ 42 105 147 294 315 399 ] [ 0.73 0.90 1.24 1.08 1.11 0.82 0.80 ]
38 37 8 2022 7 [ 63 147 273 294 315 399 ] [ 0.87 0.93 1.13 1.07 1.00 0.95 0.89 ]
38 39 4 747 7 [ 126 168 210 273 294 336 ] [ 0.86 0.95 1.05 0.93 1.28 0.97 0.76 ]
39 38 4 747 7 [ 21 84 126 315 357 399 ] [ 0.86 0.96 1.09 1.00 1.06 0.97 0.80 ]
38 40 10 2431 7 [ 42 84 126 147 189 273 ] [ 0.71 0.88 1.09 1.08 1.11 0.91 0.65 ]
40 38 10 2431 7 [ 63 105 126 231 252 336 ] [ 0.84 0.82 1.02 0.94 1.14 0.82 0.87 ]
40 33 10 2533 7 [ 84 168 231 252 294 357 ] [ 0.85 0.86 1.03 1.01 1.01 0.97 0.89 ]
33 40 10 2533 7 [ 21 105 126 189 294 399 ] [ 0.68 0.86 1.26 0.99 1.17 1.00 0.84 ]
38 41 14 3644 7 [ 42 105 126 147 210 231 ] [ 0.76 0.85 1.24 1.07 1.24 0.94 0.68 ]
41 38 14 3644 7 [ 42 168 210 231 357 378 ] [ 0.80 1.00 1.27 1.06 1.23 0.90 0.83 ]
41 42 3 605 7 [ 42 63 84 126 315 336 ] [ 0.78 0.88 1.23 0.99 1.13 0.88 0.75 ]
42 41 3 605 7 [ 21 105 126 252 378 399 ] [ 0.74 0.91 1.02 1.10 1.07 0.98 0.62 ]
40 42 15 3742 7 [ 42 147 294 315 336 357 ] [ 0.84 0.81 1.24 1.01 1.24 0.96 0.82 ]
42 40 15 3742 7 [ 42 105 189 252 357 378 ] [ 0.89 0.88 1.01 1.07 1.09 0.87 0.71 ]
42 43 3 666 7 [ 21 84 147 315 357 378 ] [ 0.85 0.84 1.14 0.97 1.09 0.97 0.88 ]
43 42 3 666 7 [ 105 147 168 210 273 315 ] [ 0.80 0.86 1.06 1.02 1.15 0.95 0.66 ]
36 43 19 5067 7 [ 21 84 189 294 315 336 ] [ 0.80 0.88 1.21 0.92 1.14 0.89 0.81 ]
43 36 19 5067 7 [ 21 42 273 336 357 399 ] [ 0.84 0.95 1.13 1.03 1.19 0.85 0.69 ]
13 43 13 3407 7 [ 42 84 210 231 357 399 ] [ 0.85 0.88 1.00 0.92 1.13 0.92 0.76 ]
43 13 13 3407 7 [ 21 105 126 189 231 294 ] [ 0.84 0.98 1.05 1.05 1.20 0.88 0.63 ]
14 44 6 1414 7 [ 126 168 210 252 315 336 ] [ 0.71 0.97 1.19 1.07 1.16 0.83 0.69 ]
44 14 6 1414 7 [ 21 42 84 147 168 294 ] [ 0.65 0.98 1.20 0.93 1.21 0.93 0.71 ]
44 45 11 2781 7 [ 42 84 147 168 189 336 ] [ 0.65 0.98 1.07 1.06 1.18 0.82 0.89 ]
45 44 11 2781 7 [ 63 105 189 210 315 357 ] [ 0.79 0.82 1.10 1.07 1.14 0.81 0.88 ]
45 46 4 844 7 [ 21 42 105 126 168 210 ] [ 0.70 0.98 1.11 1.03 1.04 0.96 0.77 ]
46 45 4 844 7 [ 21 84 168 210 273 399 ] [ 0.73 0.82 1.00 0.97 1.24 0.98 0.66 ]
45 47 4 774 7 [ 168 231 273 294 336 357 ] [ 0.72 0.99 1.17 0.92 1.14 0.85 0.90 ]
47 45 4 774 7 [ 42 63 105 126 315 399 ] [ 0.89 0.84 1.16 0.93 1.07 0.99 0.79 ]
47 48 3 553 7 [ 42 105 147 189 252 294 ] [ 0.79 0.83 1.26 1.06 1.13 0.85 0.85 ]
48 47 3 553 7 [ 63 126 147 273 294 399 ] [ 0.78 0.99 1.02 1.05 1.15 0.97 0.79 ]
45 48 5 1231 7 [ 21 63 105 147 168 273 ] [ 0.87 0.84 1.19 0.96 1.12 0.97 0.68 ]
48 45 5 1231 7 [ 63 105 126 189 336 357 ] [ 0.75 0.92 1.08 1.04 1.30 1.00 0.62 ]
48 49 5 1041 7 [ 63 168 189 210 336 357 ] [ 0.83 0.94 1.15 1.10 1.07 0.88 0.68 ]
49 48 5 1041 7 [ 147 168 231 273 294 357 ] [ 0.84 0.85 1.15 1.01 1.20 0.91 0.71 ]
49 50 6 1486 7 [ 21 42 105 168 210 273 ] [ 0.74 0.85 1.15 1.04 1.21 0.94 0.85 ]
50 49 6 1486 7 [ 21 147 168 189 231 273 ] [ 0.81 0.85 1.29 0.96 1.26 0.88 0.80 ]
50 51 5 1190 7 [ 63 126 147 273 315 399 ] [ 0.69 0.98 1.05 0.96 1.29 0.92 0.63 ]
51 50 5 1190 7 [ 21 42 126 147 189 210 ] [ 0.74 0.95 1.07 1.09 1.11 0.88 0.75 ]
51 52 6 1254 7 [ 105 189 231 273 294 315 ] [ 0.66 0.91 1.26 1.02 1.12 0.89 0.78 ]
52 51 6 1254 7 [ 126 147 231 252 357 399 ] [ 0.60 0.93 1.22 0.98 1.16 0.88 0.81 ]
52 53 3 468 7 [ 42 84 126 231 294 336 ] [ 0.73 0.81 1.07 1.00 1.05 0.92 0.63 ]
53 52 3 468 7 [ 42 147 210 231 252 315 ] [ 0.62 0.99 1.21 0.92 1.20 0.86 0.68 ]
53 54 2 230 7 [ 21 84 105 294 357 378 ] [ 0.85 0.96 1.12 1.10 1.05 0.97 0.89 ]
54 53 2 230 7 [ 42 84 105 147 189 252 ] [ 0.76 0.94 1.20 1.02 1.03 0.87 0.70 ]
54 41 8 1871 7 [ 84 126 147 189 252 273 ] [ 0.77 1.00 1.08 0.95 1.26 0.92 0.88 ]
41 54 8 1871 7 [ 105 168 210 252 357 399 ] [ 0.72 0.93 1.06 1.06 1.10 0.89 0.61 ]
54 52 3 662 7 [ 21 42 126 189 210 294 ] [ 0.76 0.86 1.24 0.97 1.20 0.81 0.67 ]
52 54 3 662 7 [ 42 147 168 189 252 399 ] [ 0.87 0.94 1.29 1.03 1.19 0.94 0.67 ]
43 53 7 1559 7 [ 21 42 189 210 357 378 ] [ 0.77 0.81 1.15 0.91 1.12 0.86 0.65 ]
53 43 7 1559 7 [ 42 126 168 273 294 357 ] [ 0.75 0.95 1.18 1.02 1.04 0.93 0.86 ]
52 55 3 545 7 [ 42 63 105 168 210 378 ] [ 0.83 0.91 1.04 0.98 1.27 0.89 0.86 ]
55 52 3 545 7 [ 63 252 315 336 357 378 ] [ 0.64 0.95 1.09 0.98 1.30 0.91 0.70 ]
55 56 2 341 7 [ 21 105 126 147 168 252 ] [ 0.70 0.90 1.18 0.98 1.12 0.96 0.75 ]
56 55 2 341 7 [ 63 105 147 210 336 378 ] [ 0.90 0.90 1.01 1.03 1.30 0.87 0.88 ]
56 57 3 422 7 [ 21 42 63 126 231 315 ] [ 0.67 0.84 1.18 0.92 1.01 0.91 0.88 ]
57 56 3 422 7 [ 63 147 168 252 315 399 ] [ 0.80 0.92 1.24 1.01 1.02 0.86 0.87 ]
55 57 2 332 7 [ 21 147 189 210 252 357 ] [ 0.80 0.95 1.25 1.06 1.01 0.80 0.68 ]
57 55 2 332 7 [ 63 84 231 315 336 357 ] [ 0.79 0.96 1.16 0.99 1.30 0.85 0.69 ]
57 58 2 324 7 [ 126 189 273 315 336 357 ] [ 0.60 0.93 1.12 0.95 1.03 1.00 0.83 ]
58 57 2 324 7 [ 63 189 294 315 357 378 ] [ 0.80 0.81 1.21 1.07 1.02 0.85 0.83 ]
58 51 3 502 7 [ 63 210 252 336 357 399 ] [ 0.67 0.91 1.15 0.91 1.17 0.91 0.80 ]
51 58 3 502 7 [ 63 231 252 294 315 336 ] [ 0.77 0.98 1.18 1.01 1.16 0.95 0.64 ]
58 59 2 358 7 [ 21 42 105 126 210 273 ] [ 0.82 0.98 1.06 1.00 1.21 0.84 0.64 ]
59 58 2 358 7 [ 63 105 147 231 294 399 ] [ 0.90 0.83 1.28 1.05 1.15 0.81 0.71 ]
50 59 5 1076 7 [ 63 231 294 336 357 378 ] [ 0.85 0.94 1.08 1.00 1.17 0.96 0.88 ]
59 50 5 1076 7 [ 21 84 105 126 273 336 ] [ 0.74 0.97 1.19 0.97 1.18 0.88 0.83 ]
56 60 2 368 7 [ 105 126 210 294 336 378 ] [ 0.62 0.85 1.22 0.94 1.13 0.90 0.73 ]
60 56 2 368 7 [ 84 105 210 273 294 399 ] [ 0.75 0.84 1.04 0.96 1.01 0.93 0.62 ]
60 61 2 376 7 [ 105 189 336 357 378 399 ] [ 0.88 0.86 1.27 0.90 1.03 0.84 0.82 ]
61 60 2 376 7 [ 126 147 210 294 336 399 ] [ 0.63 0.89 1.09 1.01 1.24 1.00 0.76 ]
61 62 7 1669 7 [ 21 42 63 105 126 147 ] [ 0.90 0.84 1.23 1.03 1.22 0.91 0.89 ]
62 61 7 1669 7 [ 63 210 252 294 357 378 ] [ 0.61 0.93 1.03 0.90 1.14 0.80 0.80 ]
59 63 5 1123 7 [ 105 126 168 210 273 357 ] [ 0.62 0.93 1.22 0.96 1.28 0.96 0.61 ]
63 59 5 1123 7 [ 42 63 84 126 147 210 ] [ 0.89 0.83 1.21 0.96 1.02 0.94 0.60 ]
63 64 3 520 7 [ 42 63 105 147 273 378 ] [ 0.62 0.96 1.28 1.05 1.04 0.95 0.72 ]
64 63 3 520 7 [ 63 84 147 189 231 336 ] [ 0.61 0.96 1.24 1.10 1.03 0.94 0.79 ]
64 65 9 2332 7 [ 105 126 147 294 315 336 ] [ 0.90 0.97 1.04 1.08 1.09 0.98 0.71 ]
65 64 9 2332 7 [ 21 63 105 147 252 378 ] [ 0.88 0.84 1.01 1.09 1.20 1.00 0.84 ]
65 3 10 2562 7 [ 42 84 273 315 357 399 ] [ 0.89 0.87 1.07 1.00 1.28 1.00 0.71 ]
3 65 10 2562 7 [ 21 42 84 252 294 357 ] [ 0.69 0.84 1.18 1.04 1.19 0.90 0.81 ]
3 49 9 2191 7 [ 21 42 105 231 378 399 ] [ 0.73 0.89 1.05 1.09 1.19 0.90 0.84 ]
49 3 9 2191 7 [ 147 168 231 294 357 378 ] [ 0.63 0.98 1.19 0.95 1.07 0.96 0.86 ]
3 47 4 874 7 [ 42 63 168 231 273 357 ] [ 0.86 0.92 1.09 0.95 1.25 0.96 0.74 ]
47 3 4 874 7 [ 126 147 252 294 336 378 ] [ 0.66 0.80 1.08 0.99 1.16 0.83 0.63 ]
63 66 13 3301 7 [ 42 63 84 105 168 231 ] [ 0.61 1.00 1.20 1.06 1.01 0.84 0.71 ]
66 63 13 3301 7 [ 42 126 168 189 231 336 ] [ 0.60 0.93 1.22 0.97 1.28 0.98 0.63 ]
65 66 16 4023 7 [ 21 147 168 231 252 273 ] [ 0.61 0.86 1.29 0.97 1.25 0.88 0.77 ]
66 65 16 4023 7 [ 21 105 168 189 273 399 ] [ 0.90 0.87 1.20 1.03 1.24 0.87 0.75 ]
66 67 17 4409 7 [ 21 84 105 210 294 336 ] [ 0.68 0.97 1.13 0.93 1.29 0.98 0.78 ]
67 66 17 4409 7 [ 42 126 189 231 315 399 ] [ 0.86 0.95 1.01 1.00 1.25 0.81 0.66 ]
67 68 7 1781 7 [ 21 42 84 168 210 252 ] [ 0.89 0.82 1.00 0.95 1.17 0.80 0.77 ]
68 67 7 1781 7 [ 21 63 147 210 357 399 ] [ 0.81 0.95 1.26 0.91 1.21 0.90 0.68 ]
68 69 5 1101 7 [ 21 63 147 210 252 378 ] [ 0.65 0.93 1.21 0.95 1.18 0.86 0.72 ]
69 68 5 1101 7 [ 21 84 105 126 189 378 ] [ 0.74 0.96 1.11 0.96 1.09 0.90 0.79 ]
68 70 3 563 7 [ 105 189 273 336 378 399 ] [ 0.79 0.90 1.24 1.07 1.15 0.99 0.64 ]
70 68 3 563 7 [ 189 210 315 336 357 378 ] [ 0.72 0.91 1.14 1.08 1.06 0.99 0.71 ]
69 70 5 984 7 [ 21 126 231 273 336 357 ] [ 0.86 0.93 1.29 1.06 1.23 0.83 0.82 ]
70 69 5 984 7 [ 21 105 168 252 273 336 ] [ 0.85 0.90 1.05 0.99 1.02 0.87 0.64 ]
69 62 12 2931 7 [ 21 63 84 147 231 357 ] [ 0.84 0.82 1.12 1.09 1.00 0.83 0.73 ]
62 69 12 2931 7 [ 21 84 147 168 357 378 ] [ 0.73 0.94 1.12 1.09 1.17 0.94 0.77 ]
70 71 7 1613 7 [ 63 84 147 189 294 357 ] [ 0.73 0.86 1.12 0.94 1.20 0.84 0.76 ]
71 70 7 1613 7 [ 63 105 189 357 378 399 ] [ 0.74 0.82 1.07 0.96 1.17 0.89 0.81 ]
71 72 12 2954 7 [ 42 63 84 168 189 336 ] [ 0.64 0.84 1.28 1.03 1.10 0.98 0.73 ]
72 71 12 2954 7 [ 21 189 210 252 357 378 ] [ 0.70 0.90 1.04 0.94 1.06 1.00 0.61 ]
72 73 3 577 7 [ 42 63 105 168 252 315 ] [ 0.61 0.85 1.16 0.92 1.16 0.82 0.78 ]
73 72 3 577 7 [ 63 147 252 273 294 315 ] [ 0.85 0.92 1.10 0.95 1.29 0.88 0.89 ]
61 73 13 3309 7 [ 42 84 126 252 336 357 ] [ 0.79 0.90 1.30 0.98 1.29 0.99 0.83 ]
73 61 13 3309 7 [ 21 105 294 357 378 399 ] [ 0.73 0.96 1.02 0.95 1.11 0.89 0.67 ]
73 74 3 543 7 [ 21 105 168 189 252 336 ] [ 0.71 0.94 1.07 0.94 1.02 0.96 0.71 ]
74 73 3 543 7 [ 42 105 210 315 378 399 ] [ 0.68 0.88 1.13 1.04 1.26 1.00 0.90 ]
74 72 3 588 7 [ 42 63 147 168 315 357 ] [ 0.67 0.84 1.03 1.00 1.23 0.98 0.65 ]
72 74 3 588 7 [ 42 63 105 189 252 315 ] [ 0.70 0.95 1.07 1.07 1.09 0.93 0.82 ]
41 74 10 2479 7 [ 147 252 315 336 378 399 ] [ 0.81 0.83 1.24 0.92 1.11 0.83 0.70 ]
74 41 10 2479 7 [ 84 126 168 231 294 378 ] [ 0.67 0.91 1.23 0.94 1.01 0.80 0.89 ]
74 75 13 3247 7 [ 21 63 84 126 231 273 ] [ 0.88 0.94 1.12 1.02 1.28 0.97 0.69 ]
75 74 13 3247 7 [ 63 105 231 294 315 357 ] [ 0.64 0.94 1.14 1.04 1.18 0.99 0.86 ]
75 76 5 1169 7 [ 21 126 189 231 336 399 ] [ 0.65 0.93 1.16 1.00 1.01 0.90 0.86 ]
76 75 5 1169 7 [ 21 63 147 336 378 399 ] [ 0.61 0.99 1.15 1.05 1.03 0.89 0.90 ]
76 39 5 1022 7 [ 42 84 147 294 378 399 ] [ 0.67 0.83 1.17 0.99 1.22 0.89 0.64 ]
39 76 5 1022 7 [ 21 84 147 231 273 294 ] [ 0.74 0.97 1.08 1.01 1.19 0.91 0.66 ]
75 77 13 3457 7 [ 84 147 210 231 252 294 ] [ 0.69 0.84 1.24 0.96 1.30 0.84 0.83 ]
77 75 13 3457 7 [ 42 105 126 147 210 315 ] [ 0.85 0.89 1.04 0.93 1.04 0.85 0.61 ]
77 78 2 342 7 [ 63 126 147 210 273 357 ] [ 0.62 0.92 1.22 1.04 1.10 0.93 0.62 ]
78 77 2 342 7 [ 63 84 105 294 336 378 ] [ 0.76 0.92 1.01 1.00 1.10 0.83 0.80 ]
77 79 18 4719 7 [ 84 168 189 252 273 336 ] [ 0.60 0.83 1.13 0.95 1.06 1.00 0.66 ]
79 77 18 4719 7 [ 105 168 252 294 336 399 ] [ 0.75 0.97 1.10 1.04 1.22 0.86 0.63 ]
79 80 2 212 7 [ 21 42 63 168 231 252 ] [ 0.76 0.99 1.07 0.97 1.08 0.95 0.71 ]
80 79 2 212 7 [ 21 84 210 231 273 399 ] [ 0.73 0.92 1.09 1.10 1.12 0.84 0.88 ]
80 71 2 283 7 [ 21 42 105 168 273 399 ] [ 0.80 0.87 1.29 0.93 1.12 0.96 0.76 ]
71 80 2 283 7 [ 189 231 252 315 378 399 ] [ 0.70 0.80 1.07 1.03 1.23 0.95 0.84 ]
80 81 7 1725 7 [ 126 189 231 294 336 357 ] [ 0.61 0.83 1.17 1.07 1.18 0.81 0.75 ]
81 80 7 1725 7 [ 84 126 273 294 357 378 ] [ 0.85 0.97 1.24 1.05 1.06 0.83 0.86 ]
81 70 6 1274 7 [ 84 168 231 252 315 357 ] [ 0.67 0.97 1.22 0.97 1.27 0.99 0.83 ]
70 81 6 1274 7 [ 210 273 294 315 357 378 ] [ 0.85 0.97 1.08 1.07 1.08 0.93 0.75 ]
81 82 3 422 7 [ 42 84 126 168 231 315 ] [ 0.77 0.90 1.06 0.98 1.16 0.91 0.90 ]
82 81 3 422 7 [ 63 126 168 189 294 336 ] [ 0.70 0.87 1.25 0.91 1.03 0.90 0.77 ]
82 83 7 1671 7 [ 63 84 105 210 294 399 ] [ 0.86 0.95 1.06 1.00 1.05 0.98 0.72 ]
83 82 7 1671 7 [ 42 63 84 126 357 378 ] [ 0.86 0.86 1.24 1.07 1.05 0.86 0.63 ]
83 79 6 1294 7 [ 21 42 63 168 315 399 ] [ 0.83 0.92 1.11 1.09 1.27 0.80 0.68 ]
79 83 6 1294 7 [ 42 63 189 210 273 378 ] [ 0.80 0.90 1.10 0.98 1.12 0.91 0.77 ]
83 84 10 2384 7 [ 42 84 126 168 231 294 ] [ 0.77 0.86 1.09 0.91 1.13 0.90 0.71 ]
84 83 10 2384 7 [ 84 105 231 294 357 378 ] [ 0.77 0.81 1.22 1.05 1.16 0.81 0.89 ]
84 85 7 1607 7 [ 21 63 147 168 189 294 ] [ 0.90 0.95 1.13 0.90 1.02 0.83 0.84 ]
85 84 7 1607 7 [ 63 84 126 231 336 378 ] [ 0.63 0.90 1.29 0.91 1.23 0.99 0.84 ]
83 86 6 1479 7 [ 21 105 231 273 336 357 ] [ 0.60 0.81 1.28 1.10 1.26 0.94 0.70 ]
86 83 6 1479 7 [ 42 231 315 357 378 399 ] [ 0.80 0.89 1.13 1.03 1.03 0.99 0.76 ]
85 86 5 1041 7 [ 42 84 231 294 315 336 ] [ 0.67 0.84 1.01 0.91 1.30 0.81 0.86 ]
86 85 5 1041 7 [ 21 105 126 147 189 210 ] [ 0.63 0.82 1.15 1.08 1.15 1.00 0.63 ]
85 87 30 8010 7 [ 63 210 231 252 315 357 ] [ 0.68 0.91 1.26 1.00 1.21 0.97 0.89 ]
87 85 30 8010 7 [ 21 63 168 252 315 399 ] [ 0.79 0.92 1.06 0.95 1.16 0.93 0.68 ]
87 88 3 602 7 [ 21 84 231 294 357 399 ] [ 0.63 0.95 1.11 1.10 1.06 0.85 0.78 ]
88 87 3 602 7 [ 63 189 252 315 357 399 ] [ 0.68 0.87 1.25 1.00 1.22 0.87 0.67 ]
88 89 4 895 7 [ 21 42 105 252 273 378 ] [ 0.69 0.88 1.12 1.04 1.07 0.88 0.82 ]
89 88 4 895 7 [ 21 126 147 210 294 315 ] [ 0.86 0.86 1.03 1.08 1.13 0.81 0.76 ]
254 88 4 883 7 [ 63 105 126 168 294 399 ] [ 0.75 0.89 1.13 0.95 1.22 0.96 0.83 ]
88 254 4 883 7 [ 63 105 168 210 252 336 ] [ 0.62 0.85 1.04 1.02 1.08 0.91 0.67 ]
82 90 11 2892 7 [ 126 168 189 231 252 294 ] [ 0.63 0.96 1.06 0.98 1.17 0.88 0.71 ]
90 82 11 2892 7 [ 21 42 147 231 273 336 ] [ 0.84 0.86 1.11 1.04 1.03 0.81 0.67 ]
90 91 3 450 7 [ 63 210 252 315 336 378 ] [ 0.75 0.99 1.20 1.00 1.11 0.88 0.74 ]
91 90 3 450 7 [ 126 210 273 294 336 357 ] [ 0.64 0.83 1.11 0.90 1.03 0.91 0.78 ]
91 92 4 863 7 [ 42 168 252 273 315 336 ] [ 0.63 0.85 1.02 0.92 1.04 1.00 0.64 ]
92 91 4 863 7 [ 63 168 189 210 273 399 ] [ 0.63 0.82 1.22 0.91 1.10 0.99 0.80 ]
92 93 3 509 7 [ 84 147 168 210 231 336 ] [ 0.81 0.98 1.15 0.96 1.26 0.93 0.62 ]
93 92 3 509 7 [ 63 105 252 294 315 357 ] [ 0.65 0.98 1.13 1.02 1.04 0.98 0.64 ]
93 91 2 393 7 [ 21 63 105 252 273 315 ] [ 0.66 0.80 1.24 1.02 1.02 0.82 0.66 ]
91 93 2 393 7 [ 147 273 315 336 357 399 ] [ 0.73 0.82 1.04 1.00 1.07 0.88 0.77 ]
67 93 8 2070 7 [ 42 105 168 189 231 315 ] [ 0.76 0.81 1.11 0.96 1.15 0.81 0.77 ]
93 67 8 2070 7 [ 21 189 210 231 252 378 ] [ 0.69 0.86 1.22 1.09 1.24 0.90 0.85 ]
93 94 10 2463 7 [ 21 42 63 126 189 399 ] [ 0.72 1.00 1.09 1.09 1.03 0.86 0.68 ]
94 93 10 2463 7 [ 42 105 147 168 189 210 ] [ 0.82 0.88 1.15 0.96 1.18 0.88 0.73 ]
67 94 6 1390 7 [ 126 189 210 252 378 399 ] [ 0.66 0.83 1.25 0.95 1.23 0.87 0.66 ]
94 67 6 1390 7 [ 21 189 252 294 315 378 ] [ 0.66 0.86 1.04 1.05 1.00 0.81 0.63 ]
2 94 19 5069 7 [ 42 105 210 294 336 378 ] [ 0.89 0.82 1.25 0.98 1.20 0.99 0.89 ]
94 2 19 5069 7 [ 21 63 273 294 315 378 ] [ 0.78 0.86 1.22 0.96 1.23 0.93 0.83 ]
2 95 15 3831 7 [ 21 42 126 168 189 399 ] [ 0.81 0.88 1.14 1.02 1.26 0.97 0.80 ]
95 2 15 3831 7 [ 147 252 294 336 378 399 ] [ 0.71 0.81 1.03 0.92 1.07 0.83 0.72 ]
95 96 8 1948 7 [ 63 105 147 168 252 273 ] [ 0.65 0.94 1.28 1.09 1.15 0.88 0.80 ]
96 95 8 1948 7 [ 21 42 105 126 168 294 ] [ 0.61 0.85 1.24 1.10 1.27 0.97 0.78 ]
92 96 12 3062 7 [ 21 63 147 168 231 399 ] [ 0.89 0.84 1.28 0.97 1.19 0.99 0.64 ]
96 92 12 3062 7 [ 21 126 168 210 273 315 ] [ 0.67 0.85 1.08 0.92 1.23 0.96 0.78 ]
90 98 4 762 7 [ 21 189 210 252 294 315 ] [ 0.67 0.91 1.08 0.94 1.01 0.84 0.72 ]
98 90 4 762 7 [ 42 63 105 210 336 357 ] [ 0.78 0.91 1.07 0.91 1.25 0.96 0.67 ]
97 98 17 4437 7 [ 21 42 63 126 336 357 ] [ 0.71 0.88 1.27 1.05 1.08 0.80 0.75 ]
98 97 17 4437 7 [ 63 84 105 126 210 231 ] [ 0.78 0.82 1.04 0.99 1.00 0.95 0.90 ]
96 97 2 400 7 [ 21 63 189 273 294 378 ] [ 0.76 0.91 1.08 0.96 1.16 0.92 0.77 ]
97 96 2 400 7 [ 63 126 252 273 294 336 ] [ 0.67 0.80 1.04 1.00 1.27 0.89 0.78 ]
95 99 14 3661 7 [ 147 210 231 294 336 357 ] [ 0.87 0.98 1.18 0.94 1.01 0.96 0.63 ]
99 95 14 3661 7 [ 63 126 168 273 294 315 ] [ 0.79 0.84 1.24 0.91 1.23 0.90 0.60 ]
99 1 7 1562 7 [ 42 147 168 252 294 315 ] [ 0.63 0.93 1.24 1.01 1.08 0.95 0.80 ]
1 99 7 1562 7 [ 105 147 168 189 210 378 ] [ 0.77 0.91 1.13 1.06 1.09 0.91 0.73 ]
86 100 6 1423 7 [ 105 168 189 315 336 399 ] [ 0.88 0.89 1.01 0.90 1.14 0.98 0.70 ]
100 86 6 1423 7 [ 63 105 189 210 231 252 ] [ 0.80 0.82 1.19 0.99 1.03 0.84 0.73 ]
100 101 4 715 7 [ 21 63 210 231 294 336 ] [ 0.61 0.94 1.20 0.91 1.21 0.90 0.84 ]
101 100 4 715 7 [ 21 42 84 168 252 315 ] [ 0.77 0.85 1.19 0.91 1.28 0.96 0.62 ]
101 102 3 572 7 [ 63 126 168 210 252 378 ] [ 0.78 0.81 1.25 1.03 1.06 0.92 0.79 ]
102 101 3 572 7 [ 21 210 231 252 273 357 ] [ 0.74 0.94 1.29 0.93 1.09 0.86 0.78 ]
102 103 11 2681 7 [ 21 42 168 273 336 399 ] [ 0.68 0.85 1.22 0.94 1.21 1.00 0.81 ]
103 102 11 2681 7 [ 84 189 252 315 336 399 ] [ 0.66 0.90 1.19 1.04 1.05 0.90 0.89 ]
103 104 6 1298 7 [ 21 105 231 315 336 357 ] [ 0.77 0.85 1.20 1.02 1.12 0.92 0.63 ]
104 103 6 1298 7 [ 168 210 294 315 336 378 ] [ 0.66 0.85 1.01 0.91 1.06 0.90 0.82 ]
104 105 6 1451 7 [ 105 210 231 357 378 399 ] [ 0.72 0.90 1.16 0.99 1.22 0.93 0.84 ]
105 104 6 1451 7 [ 84 168 252 273 315 378 ] [ 0.88 0.80 1.12 0.93 1.18 0.84 0.71 ]
104 106 5 982 7 [ 105 147 273 336 357 378 ] [ 0.75 0.92 1.29 0.91 1.04 0.90 0.64 ]
106 104 5 982 7 [ 21 63 84 126 168 336 ] [ 0.86 0.88 1.28 0.91 1.16 0.80 0.73 ]
106 107 3 497 7 [ 42 63 126 315 336 399 ] [ 0.68 0.93 1.14 1.07 1.23 0.81 0.75 ]
107 106 3 497 7 [ 42 126 189 210 315 336 ] [ 0.70 0.84 1.29 1.04 1.24 0.82 0.76 ]
107 105 3 630 7 [ 42 147 168 252 336 357 ] [ 0.64 0.99 1.23 0.98 1.14 0.96 0.79 ]
105 107 3 630 7 [ 63 84 126 231 252 336 ] [ 0.75 0.97 1.09 0.92 1.30 0.90 0.65 ]
107 108 6 1268 7 [ 42 84 231 252 315 357 ] [ 0.64 0.99 1.24 0.93 1.11 0.90 0.83 ]
108 107 6 1268 7 [ 42 189 273 336 357 399 ] [ 0.72 0.95 1.15 0.98 1.15 0.98 0.64 ]
106 108 5 1078 7 [ 21 84 126 189 336 399 ] [ 0.62 0.93 1.12 0.97 1.25 0.82 0.63 ]
108 106 5 1078 7 [ 42 105 210 231 315 399 ] [ 0.76 0.89 1.27 1.03 1.06 0.82 0.63 ]
108 109 7 1724 7 [ 126 210 252 273 336 399 ] [ 0.89 0.91 1.10 1.00 1.20 0.83 0.65 ]
109 108 7 1724 7 [ 42 63 126 189 315 336 ] [ 0.65 0.88 1.24 1.09 1.27 0.87 0.73 ]
101 110 3 436 7 [ 84 126 231 294 357 378 ] [ 0.78 0.83 1.13 1.00 1.24 1.00 0.60 ]
110 101 3 436 7 [ 63 84 189 210 273 378 ] [ 0.83 0.90 1.22 1.09 1.08 0.90 0.87 ]
110 102 2 212 7 [ 21 42 168 189 357 399 ] [ 0.88 0.95 1.03 0.96 1.21 0.84 0.74 ]
102 110 2 212 7 [ 42 63 126 273 294 315 ] [ 0.86 0.81 1.26 0.96 1.01 0.89 0.76 ]
100 111 13 3207 7 [ 63 147 252 336 357 399 ] [ 0.77 0.90 1.06 1.05 1.24 0.87 0.81 ]
111 100 13 3207 7 [ 84 105 126 273 294 357 ] [ 0.67 0.92 1.05 0.92 1.14 0.82 0.76 ]
111 112 3 580 7 [ 42 63 84 105 294 336 ] [ 0.67 0.93 1.12 0.92 1.07 0.91 0.88 ]
112 111 3 580 7 [ 105 147 189 210 273 357 ] [ 0.66 0.85 1.17 1.00 1.03 0.92 0.60 ]
112 113 5 1204 7 [ 21 168 189 231 252 273 ] [ 0.85 0.95 1.03 0.99 1.12 0.87 0.63 ]
113 112 5 1204 7 [ 21 42 105 126 357 399 ] [ 0.79 0.95 1.17 0.97 1.07 0.94 0.85 ]
110 113 8 2014 7 [ 21 84 126 294 378 399 ] [ 0.77 0.97 1.15 1.08 1.10 0.81 0.65 ]
113 110 8 2014 7 [ 105 126 168 252 273 336 ] [ 0.85 0.90 1.14 0.90 1.08 0.89 0.83 ]
103 113 12 3092 7 [ 42 147 231 252 294 378 ] [ 0.88 0.95 1.01 1.03 1.15 0.85 0.70 ]
113 103 12 3092 7 [ 126 168 210 231 294 399 ] [ 0.65 0.85 1.18 1.06 1.03 0.89 0.89 ]
112 114 9 2331 7 [ 42 105 126 189 273 357 ] [ 0.68 0.96 1.20 1.06 1.07 0.98 0.81 ]
114 112 9 2331 7 [ 42 189 231 273 336 357 ] [ 0.68 0.93 1.11 0.96 1.25 0.90 0.82 ]
98 111 10 2533 7 [ 147 210 273 294 336 357 ] [ 0.72 0.87 1.06 0.92 1.06 0.96 0.82 ]
111 98 10 2533 7 [ 63 84 189 210 252 357 ] [ 0.64 0.86 1.22 1.02 1.03 0.82 0.84 ]
114 98 8 1971 7 [ 63 147 210 273 315 357 ] [ 0.88 0.85 1.10 1.06 1.00 0.88 0.76 ]
98 114 8 1971 7 [ 21 210 294 336 357 399 ] [ 0.68 0.84 1.30 1.00 1.12 0.85 0.86 ]
114 115 2 304 7 [ 42 84 105 210 336 378 ] [ 0.88 0.89 1.01 0.97 1.24 0.93 0.79 ]
115 114 2 304 7 [ 147 168 231 315 357 399 ] [ 0.85 0.80 1.05 1.09 1.21 0.96 0.84 ]
115 116 19 4996 7 [ 42 63 168 294 336 399 ] [ 0.66 0.81 1.18 1.05 1.18 0.87 0.76 ]
116 115 19 4996 7 [ 63 126 147 273 315 336 ] [ 0.70 0.83 1.27 0.92 1.04 0.82 0.72 ]
105 117 6 1300 7 [ 42 168 315 336 357 378 ] [ 0.73 0.92 1.01 1.06 1.21 0.97 0.82 ]
117 105 6 1300 7 [ 42 147 231 294 357 399 ] [ 0.85 0.99 1.15 1.00 1.04 0.84 0.88 ]
116 117 9 2279 7 [ 21 147 189 210 336 357 ] [ 0.77 0.85 1.30 1.00 1.08 0.87 0.72 ]
117 116 9 2279 7 [ 105 189 210 252 357 399 ] [ 0.82 0.81 1.10 0.99 1.11 0.97 0.66 ]
117 118 15 3922 7 [ 105 126 147 210 273 357 ] [ 0.68 0.83 1.07 0.94 1.04 0.95 0.86 ]
118 117 15 3922 7 [ 42 105 168 231 315 336 ] [ 0.87 0.96 1.30 1.04 1.30 0.98 0.80 ]
116 118 3 691 7 [ 63 126 168 336 357 378 ] [ 0.77 0.99 1.08 1.05 1.23 0.96 0.61 ]
118 116 3 691 7 [ 42 105 147 168 210 252 ] [ 0.86 0.81 1.30 1.08 1.25 0.91 0.77 ]
118 119 26 7060 7 [ 63 84 147 189 357 378 ] [ 0.66 0.87 1.04 0.93 1.16 0.87 0.73 ]
119 118 26 7060 7 [ 42 63 168 189 336 399 ] [ 0.75 0.81 1.22 1.03 1.01 0.95 0.74 ]
116 120 12 3157 7 [ 42 105 168 231 252 336 ] [ 0.66 1.00 1.02 1.04 1.16 0.83 0.70 ]
120 116 12 3157 7 [ 21 63 84 147 315 399 ] [ 0.76 0.92 1.21 1.09 1.20 0.88 0.81 ]
120 121 11 2760 7 [ 21 147 189 231 336 399 ] [ 0.75 0.82 1.02 0.91 1.20 0.91 0.64 ]
121 120 11 2760 7 [ 42 63 231 252 378 399 ] [ 0.84 0.83 1.09 1.09 1.02 0.92 0.80 ]
121 122 4 843 7 [ 21 210 273 315 378 399 ] [ 0.66 0.97 1.28 1.08 1.10 0.82 0.72 ]
122 121 4 843 7 [ 21 42 63 189 210 273 ] [ 0.65 0.80 1.19 1.09 1.13 0.82 0.81 ]
115 122 17 4529 7 [ 42 63 147 210 294 336 ] [ 0.72 0.91 1.04 0.91 1.26 0.83 0.62 ]
122 115 17 4529 7 [ 42 63 105 126 147 315 ] [ 0.84 0.90 1.26 0.94 1.11 0.81 0.78 ]
121 123 4 910 7 [ 21 63 105 210 315 399 ] [ 0.78 0.96 1.27 0.94 1.20 0.84 0.82 ]
123 121 4 910 7 [ 84 147 168 273 294 336 ] [ 0.72 0.92 1.06 1.00 1.05 0.86 0.80 ]
122 123 3 542 7 [ 21 63 126 210 252 399 ] [ 0.87 0.93 1.28 1.01 1.27 0.94 0.89 ]
123 122 3 542 7 [ 21 84 210 231 294 357 ] [ 0.90 0.87 1.14 0.92 1.26 0.91 0.76 ]
123 124 6 1486 7 [ 21 105 252 315 336 399 ] [ 0.67 0.86 1.07 0.96 1.02 0.91 0.73 ]
124 123 6 1486 7 [ 42 105 210 273 315 357 ] [ 0.83 0.91 1.12 0.94 1.08 0.82 0.71 ]
124 125 3 490 7 [ 42 168 252 273 294 357 ] [ 0.71 0.81 1.10 0.91 1.02 0.92 0.60 ]
125 124 3 490 7 [ 126 189 252 273 315 378 ] [ 0.74 0.91 1.03 0.96 1.14 0.93 0.71 ]
125 126 7 1720 7 [ 147 252 273 315 378 399 ] [ 0.62 0.90 1.16 0.98 1.14 0.99 0.79 ]
126 125 7 1720 7 [ 63 126 147 189 273 336 ] [ 0.78 0.96 1.04 0.97 1.20 0.94 0.64 ]
97 126 14 3483 7 [ 63 84 126 147 168 252 ] [ 0.72 0.88 1.12 0.95 1.27 0.94 0.62 ]
126 97 14 3483 7 [ 42 189 273 294 315 378 ] [ 0.81 0.96 1.06 1.03 1.09 0.83 0.72 ]
126 127 4 904 7 [ 63 147 168 231 273 315 ] [ 0.64 0.81 1.25 0.97 1.14 0.93 0.89 ]
127 126 4 904 7 [ 63 126 168 231 315 399 ] [ 0.76 0.94 1.01 0.96 1.00 0.83 0.85 ]
127 128 2 304 7 [ 63 84 105 126 189 357 ] [ 0.78 0.86 1.06 1.03 1.17 0.94 0.84 ]
128 127 2 304 7 [ 63 147 231 273 336 357 ] [ 0.84 0.81 1.12 1.03 1.21 0.89 0.76 ]
128 129 4 708 7 [ 21 63 147 168 273 399 ] [ 0.76 0.95 1.11 0.91 1.28 0.95 0.75 ]
129 128 4 708 7 [ 168 189 210 273 357 378 ] [ 0.61 0.97 1.07 1.04 1.23 0.90 0.62 ]
129 130 9 2233 7 [ 42 168 210 273 336 357 ] [ 0.72 0.86 1.04 1.07 1.26 0.81 0.86 ]
130 129 9 2233 7 [ 42 126 252 273 294 399 ] [ 0.64 0.86 1.05 1.05 1.25 0.92 0.89 ]
130 99 3 506 7 [ 63 84 126 168 252 378 ] [ 0.71 0.80 1.07 1.04 1.17 0.92 0.67 ]
99 130 3 506 7 [ 21 105 168 210 231 273 ] [ 0.78 0.82 1.15 1.01 1.03 0.91 0.77 ]
131 99 3 572 7 [ 21 42 63 189 210 357 ] [ 0.86 0.99 1.20 0.92 1.25 0.84 0.65 ]
99 131 3 572 7 [ 21 84 147 273 315 378 ] [ 0.86 0.92 1.02 0.96 1.12 0.94 0.61 ]
131 130 2 305 7 [ 42 105 168 189 357 378 ] [ 0.69 0.96 1.11 0.98 1.23 0.99 0.63 ]
130 131 2 305 7 [ 63 126 168 294 357 399 ] [ 0.76 0.81 1.10 1.07 1.16 0.94 0.72 ]
131 132 8 2066 7 [ 147 168 210 231 252 273 ] [ 0.79 0.97 1.23 1.08 1.15 0.95 0.62 ]
132 131 8 2066 7 [ 21 105 126 231 294 336 ] [ 0.71 0.99 1.28 1.10 1.29 0.88 0.70 ]
132 133 2 272 7 [ 63 105 126 168 189 378 ] [ 0.86 0.85 1.06 0.91 1.09 0.91 0.90 ]
133 132 2 272 7 [ 21 84 105 168 231 294 ] [ 0.69 0.92 1.16 1.09 1.08 0.83 0.86 ]
132 134 7 1588 7 [ 126 147 210 231 252 357 ] [ 0.79 0.87 1.09 0.92 1.14 0.95 0.84 ]
134 132 7 1588 7 [ 84 105 189 231 294 336 ] [ 0.66 0.84 1.26 1.07 1.21 0.95 0.64 ]
134 135 7 1753 7 [ 105 231 294 315 336 357 ] [ 0.83 0.85 1.19 1.04 1.11 0.91 0.69 ]
135 134 7 1753 7 [ 21 189 231 294 357 378 ] [ 0.80 0.89 1.24 1.10 1.15 0.91 0.60 ]
135 136 6 1378 7 [ 21 84 168 315 336 399 ] [ 0.65 0.99 1.15 0.95 1.01 0.98 0.90 ]
136 135 6 1378 7 [ 147 168 210 231 252 399 ] [ 0.86 1.00 1.07 1.10 1.14 0.98 0.88 ]
136 129 3 547 7 [ 42 63 84 126 168 273 ] [ 0.65 0.83 1.22 0.91 1.27 0.99 0.89 ]
129 136 3 547 7 [ 42 105 210 252 273 357 ] [ 0.82 0.91 1.26 1.06 1.23 0.99 0.66 ]
136 137 2 224 7 [ 63 84 147 210 252 336 ] [ 0.74 0.81 1.24 1.00 1.04 0.87 0.68 ]
137 136 2 224 7 [ 21 147 189 231 252 357 ] [ 0.64 0.99 1.15 1.04 1.19 0.90 0.73 ]
137 138 2 251 7 [ 42 168 189 210 294 336 ] [ 0.87 0.99 1.11 1.05 1.10 0.89 0.89 ]
138 137 2 251 7 [ 21 126 210 252 273 315 ] [ 0.69 0.93 1.08 1.00 1.14 0.91 0.88 ]
137 128 3 424 7 [ 63 147 168 273 294 336 ] [ 0.82 0.84 1.25 1.02 1.17 0.85 0.74 ]
128 137 3 424 7 [ 84 231 273 294 336 378 ] [ 0.69 0.86 1.27 1.04 1.05 0.90 0.60 ]
138 127 3 589 7 [ 147 168 273 294 336 357 ] [ 0.75 0.98 1.06 0.96 1.09 0.89 0.69 ]
127 138 3 589 7 [ 63 105 168 189 231 378 ] [ 0.81 0.96 1.29 0.95 1.29 0.90 0.82 ]
138 139 4 772 7 [ 42 84 126 147 189 378 ] [ 0.70 0.81 1.05 1.04 1.23 0.84 0.85 ]
139 138 4 772 7 [ 21 126 273 336 378 399 ] [ 0.84 0.99 1.24 1.07 1.21 0.87 0.66 ]
139 140 5 1138 7 [ 21 84 189 294 315 336 ] [ 0.66 0.86 1.08 1.04 1.06 0.86 0.65 ]
140 139 5 1138 7 [ 42 84 105 147 168 231 ] [ 0.87 0.92 1.14 1.06 1.11 0.92 0.64 ]
139 141 2 394 7 [ 21 42 126 168 189 399 ] [ 0.77 0.81 1.05 1.00 1.09 0.99 0.67 ]
141 139 2 394 7 [ 21 84 210 231 294 399 ] [ 0.62 0.87 1.27 0.91 1.14 0.98 0.83 ]
140 141 6 1308 7 [ 21 105 126 189 231 399 ] [ 0.73 0.97 1.22 0.99 1.26 0.82 0.79 ]
141 140 6 1308 7 [ 84 126 210 231 378 399 ] [ 0.67 0.89 1.22 1.01 1.23 0.85 0.66 ]
141 142 36 9647 7 [ 84 126 147 210 294 378 ] [ 0.83 0.84 1.05 1.10 1.08 0.91 0.80 ]
142 141 36 9647 7 [ 63 84 126 168 273 315 ] [ 0.62 0.84 1.14 0.91 1.09 0.81 0.66 ]
142 143 11 2703 7 [ 42 147 168 189 273 399 ] [ 0.73 0.91 1.05 0.98 1.28 0.85 0.68 ]
143 142 11 2703 7 [ 84 126 210 273 294 336 ] [ 0.71 0.91 1.15 1.09 1.07 0.81 0.65 ]
142 144 6 1451 7 [ 84 105 147 168 252 336 ] [ 0.66 0.98 1.22 1.03 1.27 0.88 0.87 ]
144 142 6 1451 7 [ 42 147 210 252 273 315 ] [ 0.78 0.83 1.12 0.94 1.01 0.98 0.72 ]
144 145 13 3385 7 [ 21 168 189 231 252 357 ] [ 0.88 0.99 1.15 0.99 1.15 0.98 0.86 ]
145 144 13 3385 7 [ 105 168 294 315 357 399 ] [ 0.68 0.80 1.10 0.91 1.20 0.90 0.73 ]
135 145 3 604 7 [ 42 63 84 126 252 378 ] [ 0.65 0.86 1.08 0.96 1.26 0.96 0.65 ]
145 135 3 604 7 [ 21 189 231 273 294 357 ] [ 0.72 0.95 1.18 1.00 1.25 0.97 0.62 ]
145 146 8 1812 7 [ 105 126 210 252 294 399 ] [ 0.67 0.96 1.29 1.02 1.03 0.86 0.79 ]
146 145 8 1812 7 [ 63 231 273 315 357 378 ] [ 0.70 0.94 1.19 1.03 1.05 0.81 0.82 ]
134 146 6 1406 7 [ 63 84 168 189 273 336 ] [ 0.80 0.90 1.24 0.93 1.11 0.83 0.71 ]
146 134 6 1406 7 [ 42 84 126 147 273 294 ] [ 0.74 0.84 1.25 1.00 1.19 0.96 0.72 ]
146 147 7 1533 7 [ 126 168 231 294 336 378 ] [ 0.77 0.84 1.07 1.05 1.03 0.92 0.83 ]
147 146 7 1533 7 [ 21 105 210 231 336 378 ] [ 0.63 0.91 1.11 0.99 1.07 0.96 0.70 ]
147 148 4 697 7 [ 126 147 168 189 252 315 ] [ 0.77 0.85 1.09 0.98 1.03 0.95 0.89 ]
148 147 4 697 7 [ 42 147 168 294 378 399 ] [ 0.73 0.83 1.20 1.02 1.22 0.96 0.83 ]
144 147 4 796 7 [ 84 231 315 336 357 378 ] [ 0.81 0.97 1.19 1.01 1.14 1.00 0.85 ]
147 144 4 796 7 [ 21 42 63 273 315 357 ] [ 0.65 0.85 1.24 0.98 1.11 0.93 0.78 ]
140 149 3 547 7 [ 21 105 126 210 273 378 ] [ 0.71 0.85 1.09 0.92 1.08 0.90 0.78 ]
149 140 3 547 7 [ 63 84 147 273 336 399 ] [ 0.79 0.86 1.16 0.99 1.18 0.87 0.63 ]
149 125 4 842 7 [ 126 168 210 231 273 357 ] [ 0.74 0.84 1.27 1.02 1.19 0.93 0.64 ]
125 149 4 842 7 [ 147 189 252 315 357 399 ] [ 0.84 0.92 1.26 0.94 1.09 0.98 0.83 ]
149 124 4 881 7 [ 105 147 273 294 315 357 ] [ 0.85 0.92 1.09 1.10 1.22 0.90 0.77 ]
124 149 4 881 7 [ 42 63 210 231 252 378 ] [ 0.81 0.94 1.28 0.93 1.23 0.94 0.62 ]
149 150 2 364 7 [ 42 147 273 294 315 378 ] [ 0.75 0.91 1.06 1.08 1.01 0.88 0.76 ]
150 149 2 364 7 [ 147 168 210 252 294 378 ] [ 0.81 0.87 1.15 1.07 1.23 0.94 0.69 ]
254 149 3 477 7 [ 63 84 147 168 294 399 ] [ 0.74 0.95 1.12 1.04 1.22 0.89 0.83 ]
149 254 3 477 7 [ 105 147 189 252 294 399 ] [ 0.83 0.91 1.22 1.01 1.10 1.00 0.83 ]
150 151 4 736 7 [ 21 42 84 126 147 357 ] [ 0.85 0.98 1.02 0.97 1.15 0.99 0.87 ]
151 150 4 736 7 [ 84 147 231 294 315 336 ] [ 0.78 0.84 1.03 1.03 1.27 0.82 0.82 ]
151 124 5 971 7 [ 63 84 105 168 336 378 ] [ 0.80 0.97 1.03 1.00 1.23 0.81 0.84 ]
124 151 5 971 7 [ 21 42 84 105 189 294 ] [ 0.80 0.81 1.14 0.91 1.15 0.95 0.84 ]
150 152 6 1253 7 [ 84 105 126 147 189 336 ] [ 0.85 0.90 1.24 1.05 1.13 0.96 0.84 ]
152 150 6 1253 7 [ 21 42 147 168 189 210 ] [ 0.71 0.84 1.13 0.91 1.13 0.84 0.84 ]
151 152 3 636 7 [ 21 105 147 294 315 399 ] [ 0.69 0.96 1.29 1.02 1.10 0.87 0.67 ]
152 151 3 636 7 [ 21 42 84 168 210 231 ] [ 0.66 0.86 1.03 0.95 1.21 0.85 0.86 ]
152 153 3 500 7 [ 42 168 189 231 252 378 ] [ 0.67 0.84 1.18 0.92 1.09 0.96 0.81 ]
153 152 3 500 7 [ 84 147 210 294 336 399 ] [ 0.85 0.90 1.07 1.02 1.08 0.84 0.66 ]
151 154 10 2376 7 [ 84 105 126 231 315 336 ] [ 0.69 0.94 1.15 0.95 1.07 0.80 0.70 ]
154 151 10 2376 7 [ 21 63 84 210 273 378 ] [ 0.76 0.92 1.15 0.93 1.17 1.00 0.80 ]
120 154 17 4308 7 [ 63 126 147 189 210 273 ] [ 0.66 0.96 1.06 1.02 1.20 0.83 0.87 ]
154 120 17 4308 7 [ 63 84 105 210 252 336 ] [ 0.73 0.88 1.08 1.05 1.16 0.98 0.70 ]
154 155 9 2120 7 [ 63 168 294 315 357 399 ] [ 0.88 0.89 1.22 1.04 1.03 0.81 0.74 ]
155 154 9 2120 7 [ 84 105 126 231 315 357 ] [ 0.77 0.85 1.03 0.96 1.26 0.88 0.71 ]
155 156 6 1295 7 [ 21 63 84 231 294 378 ] [ 0.67 0.96 1.22 1.04 1.15 0.87 0.60 ]
156 155 6 1295 7 [ 21 84 147 189 210 357 ] [ 0.73 0.83 1.02 1.02 1.20 0.89 0.67 ]
153 156 12 3174 7 [ 42 63 105 210 252 399 ] [ 0.61 0.96 1.06 1.03 1.16 0.89 0.70 ]
156 153 12 3174 7 [ 63 189 252 273 294 357 ] [ 0.83 0.82 1.18 0.93 1.13 0.80 0.72 ]
153 157 7 1764 7 [ 21 42 105 126 294 315 ] [ 0.80 1.00 1.27 1.03 1.23 0.89 0.82 ]
157 153 7 1764 7 [ 21 42 63 84 210 336 ] [ 0.62 0.87 1.22 0.92 1.01 0.98 0.70 ]
157 158 2 334 7 [ 126 189 252 294 378 399 ] [ 0.75 0.98 1.09 1.00 1.19 0.85 0.73 ]
158 157 2 334 7 [ 63 84 147 252 294 399 ] [ 0.60 0.87 1.19 0.91 1.04 1.00 0.61 ]
157 159 7 1652 7 [ 126 168 189 210 336 357 ] [ 0.84 0.88 1.07 1.06 1.07 0.96 0.70 ]
159 157 7 1652 7 [ 63 84 105 252 273 315 ] [ 0.79 0.98 1.09 1.06 1.15 0.84 0.70 ]
158 159 5 1090 7 [ 21 126 168 210 273 378 ] [ 0.77 0.93 1.07 1.05 1.09 0.88 0.88 ]
159 158 5 1090 7 [ 126 189 210 231 252 315 ] [ 0.82 0.97 1.22 0.99 1.05 0.80 0.60 ]
158 160 20 5318 7 [ 21 147 231 294 378 399 ] [ 0.74 0.86 1.25 1.00 1.05 0.93 0.65 ]
160 158 20 5318 7 [ 21 147 231 315 336 399 ] [ 0.85 0.94 1.14 0.92 1.25 0.93 0.84 ]
155 161 8 1937 7 [ 63 105 126 231 273 336 ] [ 0.65 0.80 1.07 0.96 1.12 0.94 0.65 ]
161 155 8 1937 7 [ 42 84 126 168 189 336 ] [ 0.86 0.89 1.11 1.00 1.07 0.85 0.69 ]
161 119 3 528 7 [ 21 84 315 336 357 399 ] [ 0.81 0.96 1.08 0.94 1.10 0.95 0.72 ]
119 161 3 528 7 [ 63 105 210 252 336 399 ] [ 0.80 0.86 1.30 1.08 1.12 0.84 0.62 ]
161 162 10 2444 7 [ 42 105 126 189 210 252 ] [ 0.64 0.96 1.05 1.06 1.13 0.92 0.76 ]
162 161 10 2444 7 [ 21 84 105 168 189 336 ] [ 0.73 0.82 1.26 1.01 1.19 0.98 0.88 ]
156 162 9 2208 7 [ 42 105 168 189 294 378 ] [ 0.66 0.99 1.11 1.05 1.19 0.97 0.82 ]
162 156 9 2208 7 [ 21 63 126 210 231 357 ] [ 0.86 0.94 1.15 0.98 1.14 1.00 0.78 ]
156 160 16 4163 7 [ 63 84 105 210 378 399 ] [ 0.72 0.99 1.18 0.97 1.25 0.85 0.84 ]
160 156 16 4163 7 [ 21 105 189 210 252 294 ] [ 0.88 0.81 1.16 1.00 1.19 0.90 0.82 ]
160 163 3 650 7 [ 21 126 147 231 294 357 ] [ 0.79 0.91 1.24 0.98 1.30 0.87 0.81 ]
163 160 3 650 7 [ 42 63 126 252 357 378 ] [ 0.65 0.87 1.03 1.05 1.08 0.88 0.62 ]
163 164 4 783 7 [ 84 105 147 231 315 399 ] [ 0.86 0.99 1.06 1.05 1.25 0.86 0.66 ]
164 163 4 783 7 [ 84 105 126 147 294 378 ] [ 0.60 0.96 1.20 1.06 1.21 0.87 0.70 ]
160 164 3 567 7 [ 189 210 231 252 273 294 ] [ 0.73 0.92 1.05 1.04 1.15 0.80 0.74 ]
164 160 3 567 7 [ 42 63 84 126 294 315 ] [ 0.83 0.88 1.18 0.93 1.26 0.99 0.71 ]
164 165 5 1114 7 [ 21 63 84 189 231 273 ] [ 0.74 0.94 1.30 0.91 1.14 0.83 0.65 ]
165 164 5 1114 7 [ 105 147 189 210 336 378 ] [ 0.68 0.93 1.25 1.00 1.22 0.85 0.84 ]
165 166 5 1191 7 [ 21 126 168 336 378 399 ] [ 0.73 0.84 1.09 1.01 1.08 0.97 0.63 ]
166 165 5 1191 7 [ 189 210 273 336 357 399 ] [ 0.82 0.85 1.27 1.08 1.22 0.81 0.71 ]
166 162 3 638 7 [ 63 147 210 252 357 399 ] [ 0.88 0.81 1.16 0.91 1.09 0.89 0.71 ]
162 166 3 638 7 [ 105 126 147 168 273 378 ] [ 0.83 0.88 1.12 0.91 1.28 0.91 0.89 ]
166 167 4 906 7 [ 21 63 84 168 315 399 ] [ 0.79 0.97 1.26 1.10 1.09 0.90 0.68 ]
167 166 4 906 7 [ 21 42 63 105 168 294 ] [ 0.72 0.86 1.05 0.93 1.22 0.92 0.73 ]
162 167 6 1474 7 [ 21 42 105 147 294 399 ] [ 0.89 0.81 1.08 0.98 1.02 0.85 0.76 ]
167 162 6 1474 7 [ 42 63 126 168 294 357 ] [ 0.75 0.98 1.28 1.05 1.25 0.96 0.82 ]
163 168 25 6561 7 [ 63 84 168 273 315 357 ] [ 0.76 0.90 1.08 1.02 1.06 0.94 0.86 ]
168 163 25 6561 7 [ 189 210 231 336 357 399 ] [ 0.76 0.92 1.18 1.00 1.14 0.81 0.88 ]
119 169 13 3454 7 [ 63 84 105 126 168 336 ] [ 0.86 0.98 1.02 1.09 1.00 0.89 0.77 ]
169 119 13 3454 7 [ 63 126 168 210 273 336 ] [ 0.71 0.97 1.20 0.99 1.18 0.83 0.62 ]
169 170 5 971 7 [ 42 63 147 168 189 336 ] [ 0.86 0.95 1.12 0.95 1.01 0.80 0.87 ]
170 169 5 971 7 [ 168 189 210 336 378 399 ] [ 0.84 0.98 1.17 1.00 1.05 0.99 0.81 ]
170 171 4 886 7 [ 84 252 294 315 336 399 ] [ 0.87 0.84 1.14 0.92 1.04 0.81 0.71 ]
171 170 4 886 7 [ 84 105 147 189 273 336 ] [ 0.86 0.94 1.16 0.95 1.20 0.98 0.66 ]
171 172 3 430 7 [ 21 63 168 210 294 378 ] [ 0.86 1.00 1.08 1.03 1.09 0.90 0.69 ]
172 171 3 430 7 [ 21 42 84 231 273 378 ] [ 0.88 0.95 1.08 1.02 1.11 0.99 0.62 ]
170 254 5 1041 7 [ 105 189 231 273 294 336 ] [ 0.66 0.95 1.14 1.10 1.19 0.90 0.71 ]
254 170 5 1041 7 [ 84 105 126 315 378 399 ] [ 0.88 0.82 1.09 1.00 1.23 0.93 0.80 ]
169 173 18 4804 7 [ 126 147 168 231 273 336 ] [ 0.67 0.92 1.19 0.90 1.28 0.81 0.72 ]
173 169 18 4804 7 [ 147 168 294 315 357 399 ] [ 0.61 0.94 1.16 1.00 1.13 0.94 0.68 ]
165 174 4 696 7 [ 42 147 168 231 336 399 ] [ 0.64 0.95 1.22 1.08 1.18 0.94 0.67 ]
174 165 4 696 7 [ 21 105 210 231 273 399 ] [ 0.64 0.91 1.28 1.09 1.03 0.87 0.75 ]
174 175 4 859 7 [ 84 168 231 252 336 357 ] [ 0.81 0.94 1.29 0.96 1.23 0.81 0.84 ]
175 174 4 859 7 [ 84 168 231 273 336 378 ] [ 0.68 0.87 1.03 1.07 1.26 0.90 0.80 ]
167 175 2 271 7 [ 63 84 189 252 378 399 ] [ 0.90 0.84 1.08 1.00 1.09 0.83 0.63 ]
175 167 2 271 7 [ 21 42 168 357 378 399 ] [ 0.66 0.93 1.04 1.10 1.01 0.83 0.75 ]
175 176 6 1324 7 [ 210 273 294 315 357 399 ] [ 0.70 0.93 1.01 0.92 1.23 0.97 0.69 ]
176 175 6 1324 7 [ 63 105 147 210 294 399 ] [ 0.88 0.99 1.19 1.01 1.15 0.87 0.89 ]
176 174 7 1596 7 [ 21 42 105 231 252 399 ] [ 0.79 0.91 1.28 1.09 1.28 0.80 0.70 ]
174 176 7 1596 7 [ 84 168 189 231 378 399 ] [ 0.79 0.86 1.08 0.97 1.16 0.88 0.80 ]
165 177 13 3419 7 [ 21 63 126 189 231 378 ] [ 0.87 0.87 1.29 0.91 1.06 0.82 0.79 ]
177 165 13 3419 7 [ 63 126 147 210 273 336 ] [ 0.64 0.97 1.07 1.02 1.29 0.80 0.77 ]
177 178 8 1982 7 [ 42 126 210 273 315 357 ] [ 0.70 0.95 1.09 1.05 1.11 0.89 0.68 ]
178 177 8 1982 7 [ 21 189 231 252 294 336 ] [ 0.81 0.94 1.12 1.01 1.23 0.92 0.79 ]
178 179 8 2073 7 [ 63 147 252 294 315 357 ] [ 0.61 0.95 1.27 1.00 1.19 0.96 0.82 ]
179 178 8 2073 7 [ 63 84 147 231 294 399 ] [ 0.62 1.00 1.06 1.01 1.25 0.98 0.62 ]
179 176 6 1362 7 [ 147 210 252 336 357 399 ] [ 0.70 0.92 1.29 1.09 1.26 0.93 0.89 ]
176 179 6 1362 7 [ 63 168 189 231 294 399 ] [ 0.66 0.81 1.09 0.91 1.04 1.00 0.67 ]
179 180 4 957 7 [ 126 168 189 231 357 399 ] [ 0.71 0.87 1.12 0.98 1.14 0.99 0.81 ]
180 179 4 957 7 [ 21 84 273 294 315 378 ] [ 0.72 0.90 1.17 1.07 1.28 0.95 0.87 ]
176 180 9 2086 7 [ 42 168 231 273 294 378 ] [ 0.60 0.98 1.02 1.03 1.05 0.84 0.79 ]
180 176 9 2086 7 [ 21 105 126 210 357 378 ] [ 0.67 0.83 1.17 0.93 1.28 1.00 0.87 ]
180 181 4 748 7 [ 42 105 189 210 252 378 ] [ 0.75 0.91 1.14 0.91 1.24 0.87 0.89 ]
181 180 4 748 7 [ 126 168 231 252 315 378 ] [ 0.66 0.90 1.17 0.99 1.17 0.98 0.68 ]
181 173 5 1231 7 [ 84 147 168 189 252 399 ] [ 0.81 0.86 1.17 1.02 1.02 0.94 0.64 ]
173 181 5 1231 7 [ 63 168 189 252 294 336 ] [ 0.87 0.98 1.12 1.00 1.24 0.88 0.82 ]
173 182 4 783 7 [ 21 147 189 210 252 273 ] [ 0.84 0.87 1.24 0.97 1.24 0.91 0.77 ]
182 173 4 783 7 [ 63 105 126 231 336 399 ] [ 0.80 0.94 1.08 0.99 1.03 0.96 0.80 ]
182 178 6 1316 7 [ 210 273 294 336 357 399 ] [ 0.69 0.81 1.26 1.08 1.05 0.81 0.83 ]
178 182 6 1316 7 [ 63 84 147 189 231 336 ] [ 0.73 0.90 1.20 0.98 1.12 0.92 0.82 ]
178 183 7 1731 7 [ 42 84 147 189 315 378 ] [ 0.64 0.91 1.18 0.99 1.11 0.91 0.80 ]
183 178 7 1731 7 [ 42 63 84 105 189 273 ] [ 0.84 0.97 1.18 0.93 1.06 0.80 0.74 ]
183 184 6 1499 7 [ 105 189 252 336 357 378 ] [ 0.64 0.82 1.30 1.04 1.29 0.93 0.78 ]
184 183 6 1499 7 [ 63 84 126 147 252 273 ] [ 0.86 0.93 1.14 1.06 1.14 0.81 0.77 ]
177 184 9 2259 7 [ 105 168 189 231 315 336 ] [ 0.77 0.84 1.05 1.04 1.11 0.82 0.85 ]
184 177 9 2259 7 [ 42 105 126 315 357 378 ] [ 0.84 0.98 1.26 0.94 1.19 0.92 0.73 ]
184 185 12 3109 7 [ 21 126 231 315 357 378 ] [ 0.74 0.94 1.25 0.98 1.19 0.92 0.75 ]
185 184 12 3109 7 [ 21 84 231 252 315 378 ] [ 0.84 0.90 1.28 0.97 1.22 0.89 0.84 ]
184 252 13 3422 7 [ 63 168 189 231 273 399 ] [ 0.90 0.89 1.30 0.98 1.23 0.96 0.84 ]
252 184 13 3422 7 [ 21 147 168 231 336 357 ] [ 0.72 0.85 1.06 1.04 1.15 0.88 0.67 ]
183 186 6 1452 7 [ 42 63 147 252 357 399 ] [ 0.90 0.82 1.07 0.93 1.14 0.97 0.64 ]
186 183 6 1452 7 [ 42 105 168 210 336 357 ] [ 0.90 0.85 1.11 1.01 1.04 0.81 0.76 ]
185 186 6 1269 7 [ 21 168 189 294 336 378 ] [ 0.69 0.83 1.07 1.05 1.10 0.93 0.86 ]
186 185 6 1269 7 [ 42 84 273 315 336 357 ] [ 0.64 0.98 1.23 1.07 1.18 0.86 0.74 ]
186 187 12 3112 7 [ 42 126 210 231 336 378 ] [ 0.65 0.91 1.18 1.01 1.14 0.81 0.83 ]
187 186 12 3112 7 [ 42 231 252 294 315 336 ] [ 0.61 0.86 1.21 1.00 1.22 0.84 0.84 ]
187 173 9 2136 7 [ 147 168 252 273 336 357 ] [ 0.63 0.81 1.20 1.04 1.16 0.86 0.71 ]
173 187 9 2136 7 [ 21 42 63 105 126 273 ] [ 0.82 0.81 1.06 0.92 1.28 0.85 0.62 ]
187 188 4 755 7 [ 21 42 105 210 336 378 ] [ 0.80 0.96 1.26 0.94 1.29 0.91 0.61 ]
188 187 4 755 7 [ 21 63 84 147 189 273 ] [ 0.81 0.97 1.11 0.98 1.18 0.83 0.71 ]
188 189 10 2565 7 [ 42 105 147 189 210 315 ] [ 0.82 0.82 1.01 1.07 1.10 0.96 0.67 ]
189 188 10 2565 7 [ 21 105 126 168 357 399 ] [ 0.73 0.82 1.12 1.00 1.07 0.84 0.74 ]
188 190 4 792 7 [ 84 252 294 315 336 378 ] [ 0.87 0.83 1.29 1.01 1.18 0.83 0.73 ]
190 188 4 792 7 [ 84 147 168 189 252 399 ] [ 0.65 0.87 1.00 0.96 1.21 0.81 0.77 ]
190 191 5 1231 7 [ 21 84 105 147 357 378 ] [ 0.64 0.91 1.10 1.04 1.12 0.89 0.90 ]
191 190 5 1231 7 [ 105 126 147 252 294 399 ] [ 0.68 0.98 1.11 1.02 1.06 0.95 0.73 ]
190 192 5 1090 7 [ 63 84 126 252 315 378 ] [ 0.62 0.99 1.23 1.02 1.16 0.88 0.76 ]
192 190 5 1090 7 [ 21 84 168 231 294 336 ] [ 0.76 0.80 1.19 0.95 1.04 0.87 0.75 ]
191 192 3 582 7 [ 105 168 189 210 231 357 ] [ 0.67 0.94 1.08 0.95 1.02 0.88 0.61 ]
192 191 3 582 7 [ 21 42 63 84 231 378 ] [ 0.75 0.96 1.11 0.91 1.23 0.94 0.90 ]
189 193 13 3251 7 [ 105 168 231 273 357 399 ] [ 0.90 0.92 1.20 1.00 1.30 0.90 0.78 ]
193 189 13 3251 7 [ 42 210 273 294 336 378 ] [ 0.81 0.81 1.30 0.91 1.05 0.89 0.82 ]
193 194 2 376 7 [ 63 84 126 273 315 336 ] [ 0.87 0.94 1.28 1.09 1.09 0.94 0.64 ]
194 193 2 376 7 [ 21 126 147 252 294 357 ] [ 0.60 0.92 1.12 0.98 1.28 0.84 0.67 ]
194 195 2 292 7 [ 42 105 126 168 189 336 ] [ 0.88 0.86 1.13 0.94 1.16 0.81 0.74 ]
195 194 2 292 7 [ 21 126 231 336 357 399 ] [ 0.77 0.89 1.27 1.10 1.06 0.88 0.65 ]
194 196 2 301 7 [ 21 147 231 273 357 399 ] [ 0.66 0.81 1.24 0.95 1.21 0.95 0.67 ]
196 194 2 301 7 [ 21 42 105 147 231 294 ] [ 0.70 0.89 1.13 0.98 1.07 0.81 0.66 ]
185 196 13 3261 7 [ 63 252 273 336 378 399 ] [ 0.81 0.93 1.13 0.90 1.06 0.89 0.80 ]
196 185 13 3261 7 [ 105 168 231 294 315 378 ] [ 0.89 0.97 1.29 1.02 1.14 0.83 0.67 ]
196 197 2 309 7 [ 21 63 189 252 336 399 ] [ 0.88 0.87 1.17 1.09 1.27 0.96 0.89 ]
197 196 2 309 7 [ 21 42 63 147 189 294 ] [ 0.72 1.00 1.29 1.08 1.19 0.92 0.78 ]
195 197 2 206 7 [ 21 105 126 231 252 336 ] [ 0.68 0.89 1.24 1.08 1.28 0.86 0.79 ]
197 195 2 206 7 [ 42 84 126 168 210 315 ] [ 0.82 0.89 1.09 0.90 1.05 0.89 0.71 ]
197 198 13 3240 7 [ 84 189 231 252 294 336 ] [ 0.64 0.82 1.22 0.91 1.18 0.97 0.69 ]
198 197 13 3240 7 [ 42 84 126 273 315 399 ] [ 0.73 0.88 1.12 1.04 1.28 0.90 0.85 ]
195 198 12 3076 7 [ 42 147 189 210 252 378 ] [ 0.75 0.96 1.12 1.08 1.02 0.85 0.90 ]
198 195 12 3076 7 [ 168 231 252 273 357 378 ] [ 0.74 0.85 1.22 1.08 1.03 0.99 0.68 ]
198 199 10 2518 7 [ 84 105 126 147 294 315 ] [ 0.78 0.91 1.16 1.06 1.26 0.92 0.84 ]
199 198 10 2518 7 [ 84 105 231 294 378 399 ] [ 0.67 1.00 1.11 0.95 1.24 0.99 0.76 ]
199 200 4 950 7 [ 84 126 189 273 294 399 ] [ 0.84 0.84 1.26 1.10 1.21 0.95 0.63 ]
200 199 4 950 7 [ 147 168 231 252 336 357 ] [ 0.87 0.84 1.18 0.91 1.07 0.96 0.79 ]
199 201 4 937 7 [ 63 105 168 210 252 273 ] [ 0.63 0.86 1.28 0.94 1.01 0.85 0.70 ]
201 199 4 937 7 [ 21 84 126 147 231 336 ] [ 0.71 0.97 1.00 1.02 1.22 0.98 0.73 ]
200 201 2 402 7 [ 63 84 105 294 315 378 ] [ 0.72 0.84 1.25 0.99 1.25 1.00 0.60 ]
201 200 2 402 7 [ 21 42 147 231 315 399 ] [ 0.62 0.87 1.14 1.05 1.24 0.90 0.71 ]
201 202 7 1544 7 [ 21 84 168 336 378 399 ] [ 0.61 0.84 1.17 0.99 1.27 0.81 0.62 ]
202 201 7 1544 7 [ 21 105 147 168 231 399 ] [ 0.72 0.94 1.07 1.01 1.15 0.93 0.73 ]
202 203 11 2782 7 [ 21 105 126 189 315 357 ] [ 0.70 0.89 1.30 1.08 1.18 0.89 0.70 ]
203 202 11 2782 7 [ 21 105 189 210 294 357 ] [ 0.68 0.83 1.18 0.95 1.21 0.99 0.70 ]
202 250 20 5204 7 [ 21 168 273 294 378 399 ] [ 0.85 0.92 1.30 0.98 1.22 0.96 0.79 ]
250 202 20 5204 7 [ 42 105 126 273 357 378 ] [ 0.76 0.95 1.27 1.08 1.03 0.85 0.78 ]
251 250 9 2237 7 [ 147 189 252 294 336 378 ] [ 0.71 0.93 1.14 1.09 1.16 0.82 0.79 ]
250 251 9 2237 7 [ 105 147 189 210 231 378 ] [ 0.83 0.91 1.12 1.08 1.17 0.85 0.62 ]
251 203 7 1611 7 [ 42 147 189 231 273 336 ] [ 0.62 0.92 1.28 1.02 1.09 0.82 0.67 ]
203 251 7 1611 7 [ 42 147 189 231 357 399 ] [ 0.67 0.90 1.22 0.94 1.16 0.97 0.76 ]
203 204 9 2263 7 [ 42 63 105 189 378 399 ] [ 0.72 0.87 1.15 0.93 1.02 0.90 0.73 ]
204 203 9 2263 7 [ 84 105 168 252 294 357 ] [ 0.83 0.86 1.21 0.90 1.01 0.85 0.68 ]
200 205 4 883 7 [ 147 210 231 315 336 399 ] [ 0.88 0.89 1.14 0.92 1.02 0.92 0.60 ]
205 200 4 883 7 [ 21 105 126 189 231 273 ] [ 0.78 0.84 1.24 1.03 1.13 0.86 0.65 ]
205 204 10 2489 7 [ 42 63 105 147 294 378 ] [ 0.64 0.83 1.05 1.07 1.07 0.83 0.75 ]
204 205 10 2489 7 [ 21 42 105 168 273 336 ] [ 0.86 0.92 1.02 1.09 1.00 0.96 0.73 ]
204 206 8 1895 7 [ 63 84 210 252 336 357 ] [ 0.61 0.88 1.29 1.08 1.03 0.91 0.72 ]
206 204 8 1895 7 [ 84 105 189 273 294 315 ] [ 0.72 0.97 1.09 1.10 1.24 0.98 0.72 ]
206 207 11 2848 7 [ 84 168 189 273 294 336 ] [ 0.77 0.96 1.20 1.08 1.20 0.86 0.65 ]
207 206 11 2848 7 [ 42 105 168 273 357 378 ] [ 0.75 0.93 1.11 0.94 1.03 0.82 0.63 ]
207 208 13 3369 7 [ 105 147 168 336 357 378 ] [ 0.73 0.97 1.05 0.96 1.27 0.81 0.85 ]
208 207 13 3369 7 [ 21 63 168 210 252 273 ] [ 0.86 0.90 1.24 0.93 1.07 0.81 0.85 ]
208 209 6 1518 7 [ 105 126 210 273 315 378 ] [ 0.63 0.93 1.15 1.10 1.09 0.92 0.77 ]
209 208 6 1518 7 [ 147 210 273 294 315 399 ] [ 0.79 0.91 1.28 0.96 1.21 0.99 0.60 ]
209 210 2 364 7 [ 63 147 189 231 294 336 ] [ 0.86 0.82 1.24 1.08 1.26 0.92 0.75 ]
210 209 2 364 7 [ 21 42 252 315 336 399 ] [ 0.89 0.93 1.02 0.92 1.13 0.86 0.66 ]
209 211 18 4722 7 [ 42 105 126 147 336 357 ] [ 0.62 0.91 1.23 1.04 1.09 0.82 0.78 ]
211 209 18 4722 7 [ 21 42 168 315 357 399 ] [ 0.74 0.87 1.26 1.08 1.08 0.96 0.75 ]
206 211 22 5738 7 [ 42 168 273 336 378 399 ] [ 0.64 0.88 1.28 1.00 1.06 0.93 0.81 ]
211 206 22 5738 7 [ 21 126 189 210 378 399 ] [ 0.88 0.92 1.01 0.93 1.00 0.87 0.72 ]
205 212 7 1700 7 [ 63 147 189 294 315 399 ] [ 0.75 0.81 1.01 0.98 1.28 0.87 0.60 ]
212 205 7 1700 7 [ 21 147 189 231 273 294 ] [ 0.83 0.85 1.09 0.94 1.16 0.83 0.83 ]
212 213 6 1250 7 [ 42 84 189 252 273 357 ] [ 0.61 0.83 1.28 1.05 1.21 0.87 0.74 ]
213 212 6 1250 7 [ 21 42 84 273 294 357 ] [ 0.71 0.95 1.08 0.91 1.06 0.87 0.70 ]
212 214 7 1561 7 [ 21 126 189 252 273 357 ] [ 0.75 0.81 1.25 1.07 1.15 0.93 0.90 ]
214 212 7 1561 7 [ 42 105 147 189 231 378 ] [ 0.70 0.96 1.01 0.99 1.29 0.98 0.82 ]
213 214 6 1265 7 [ 63 105 126 210 231 294 ] [ 0.68 0.86 1.03 1.04 1.03 0.83 0.86 ]
214 213 6 1265 7 [ 21 63 231 252 336 399 ] [ 0.71 0.92 1.08 1.07 1.07 0.82 0.82 ]
213 215 24 6400 7 [ 126 189 210 273 294 357 ] [ 0.72 0.98 1.20 0.97 1.22 0.89 0.78 ]
215 213 24 6400 7 [ 84 210 294 315 336 378 ] [ 0.79 0.88 1.13 0.92 1.01 0.83 0.64 ]
215 216 9 2285 7 [ 42 105 168 189 210 252 ] [ 0.68 0.88 1.16 1.06 1.09 0.91 0.77 ]
216 215 9 2285 7 [ 105 147 189 336 357 378 ] [ 0.77 0.99 1.24 0.91 1.03 0.86 0.66 ]
253 217 8 1829 7 [ 84 105 189 252 273 315 ] [ 0.76 0.84 1.28 1.09 1.09 0.92 0.86 ]
217 253 8 1829 7 [ 21 84 126 189 210 378 ] [ 0.71 0.89 1.06 1.09 1.26 0.92 0.77 ]
217 218 7 1659 7 [ 147 168 252 273 315 399 ] [ 0.77 0.81 1.01 1.02 1.22 0.92 0.84 ]
218 217 7 1659 7 [ 21 126 231 294 336 399 ] [ 0.63 0.84 1.23 1.02 1.21 0.96 0.64 ]
218 219 6 1320 7 [ 63 105 126 168 294 357 ] [ 0.66 0.84 1.27 0.90 1.20 0.93 0.62 ]
219 218 6 1320 7 [ 42 84 105 126 336 399 ] [ 0.66 0.88 1.23 1.05 1.11 0.88 0.77 ]
218 215 6 1346 7 [ 21 42 63 147 231 273 ] [ 0.77 0.85 1.14 0.91 1.03 0.94 0.78 ]
215 218 6 1346 7 [ 105 147 294 315 336 357 ] [ 0.75 0.99 1.11 1.09 1.10 1.00 0.84 ]
214 220 18 4667 7 [ 42 63 84 105 189 336 ] [ 0.61 0.91 1.04 0.94 1.27 0.99 0.64 ]
220 214 18 4667 7 [ 42 84 147 168 273 315 ] [ 0.63 0.89 1.05 1.04 1.05 0.88 0.76 ]
220 221 3 532 7 [ 42 84 147 168 231 315 ] [ 0.77 0.98 1.15 1.05 1.22 0.91 0.66 ]
221 220 3 532 7 [ 63 84 168 315 357 399 ] [ 0.71 0.84 1.08 0.92 1.08 0.82 0.89 ]
221 222 4 695 7 [ 21 63 105 210 315 378 ] [ 0.75 0.91 1.10 0.91 1.28 0.96 0.63 ]
222 221 4 695 7 [ 84 147 189 210 315 399 ] [ 0.74 0.89 1.06 0.98 1.03 0.98 0.62 ]
220 223 7 1716 7 [ 147 189 231 252 357 378 ] [ 0.71 0.85 1.03 0.96 1.00 0.89 0.75 ]
223 220 7 1716 7 [ 21 84 168 210 252 336 ] [ 0.85 0.84 1.29 0.95 1.21 0.96 0.68 ]
221 224 4 931 7 [ 105 126 189 315 357 378 ] [ 0.78 0.90 1.04 1.07 1.14 0.94 0.89 ]
224 221 4 931 7 [ 42 105 210 294 357 399 ] [ 0.87 0.89 1.15 1.03 1.29 0.95 0.73 ]
223 224 3 545 7 [ 21 105 147 315 336 357 ] [ 0.77 0.91 1.25 1.04 1.30 0.94 0.75 ]
224 223 3 545 7 [ 84 147 231 273 336 378 ] [ 0.86 0.92 1.06 1.06 1.14 0.82 0.75 ]
223 225 4 745 7 [ 63 105 147 273 294 336 ] [ 0.73 0.97 1.23 0.96 1.14 0.88 0.82 ]
225 223 4 745 7 [ 126 210 231 252 273 357 ] [ 0.77 0.92 1.28 0.94 1.19 0.93 0.65 ]
222 224 5 1070 7 [ 21 42 147 168 210 252 ] [ 0.77 0.99 1.14 1.09 1.23 0.89 0.78 ]
224 222 5 1070 7 [ 147 189 210 357 378 399 ] [ 0.70 0.88 1.04 1.08 1.15 0.99 0.65 ]
222 226 5 1133 7 [ 105 210 231 294 336 399 ] [ 0.63 0.99 1.02 0.94 1.20 0.85 0.76 ]
226 222 5 1133 7 [ 63 126 168 252 294 399 ] [ 0.72 0.90 1.07 0.95 1.28 0.90 0.65 ]
226 227 13 3200 7 [ 21 63 84 210 252 294 ] [ 0.83 0.84 1.18 1.09 1.12 0.92 0.89 ]
227 226 13 3200 7 [ 42 105 189 273 294 336 ] [ 0.65 0.97 1.04 1.06 1.20 0.91 0.90 ]
222 228 11 2680 7 [ 84 126 210 252 336 357 ] [ 0.85 0.90 1.16 1.00 1.23 0.98 0.68 ]
228 222 11 2680 7 [ 63 84 189 210 294 357 ] [ 0.81 0.95 1.19 0.96 1.15 0.96 0.77 ]
228 229 3 418 7 [ 84 147 189 315 336 357 ] [ 0.87 0.90 1.27 0.99 1.08 0.97 0.78 ]
229 228 3 418 7 [ 105 126 210 252 273 357 ] [ 0.87 0.87 1.28 0.96 1.18 0.93 0.90 ]
229 230 2 326 7 [ 42 84 105 231 252 336 ] [ 0.84 0.98 1.09 0.99 1.20 0.87 0.73 ]
230 229 2 326 7 [ 42 147 189 294 357 399 ] [ 0.71 0.94 1.11 1.05 1.19 0.94 0.87 ]
228 230 2 220 7 [ 21 63 126 168 210 357 ] [ 0.60 0.95 1.14 0.99 1.14 0.88 0.62 ]
230 228 2 220 7 [ 126 147 168 273 378 399 ] [ 0.67 0.90 1.15 0.91 1.03 0.91 0.82 ]
230 231 6 1412 7 [ 21 84 105 231 336 357 ] [ 0.81 0.93 1.01 0.92 1.22 0.87 0.75 ]
231 230 6 1412 7 [ 126 168 189 210 273 336 ] [ 0.88 0.80 1.21 0.99 1.01 0.84 0.62 ]
231 232 16 4093 7 [ 147 168 231 252 294 378 ] [ 0.86 0.93 1.29 0.92 1.15 0.85 0.60 ]
232 231 16 4093 7 [ 126 147 189 336 378 399 ] [ 0.76 0.86 1.26 0.91 1.24 0.97 0.85 ]
232 233 15 4007 7 [ 42 105 168 231 252 315 ] [ 0.62 0.88 1.02 1.08 1.26 0.98 0.61 ]
233 232 15 4007 7 [ 63 84 252 273 315 357 ] [ 0.72 0.81 1.28 0.94 1.29 0.91 0.69 ]
232 254 2 354 7 [ 42 63 126 210 357 399 ] [ 0.82 0.95 1.10 1.10 1.14 0.83 0.86 ]
254 232 2 354 7 [ 84 105 147 189 210 231 ] [ 0.66 0.82 1.16 1.01 1.06 0.94 0.77 ]
231 233 27 7275 7 [ 42 63 126 189 231 252 ] [ 0.68 0.98 1.16 1.04 1.11 0.86 0.69 ]
233 231 27 7275 7 [ 84 231 252 273 315 357 ] [ 0.76 0.90 1.18 1.00 1.20 0.91 0.74 ]
229 234 13 3445 7 [ 63 105 126 273 294 357 ] [ 0.64 0.86 1.17 0.90 1.06 0.84 0.69 ]
234 229 13 3445 7 [ 63 126 168 315 336 378 ] [ 0.88 0.97 1.26 1.04 1.03 0.90 0.90 ]
234 235 7 1645 7 [ 84 210 294 315 357 399 ] [ 0.64 0.94 1.19 0.91 1.18 0.90 0.78 ]
235 234 7 1645 7 [ 189 231 294 336 378 399 ] [ 0.62 0.84 1.11 0.96 1.24 0.93 0.74 ]
235 236 5 1063 7 [ 21 42 84 105 231 399 ] [ 0.75 0.85 1.23 1.06 1.21 0.90 0.65 ]
236 235 5 1063 7 [ 63 126 252 273 336 357 ] [ 0.77 0.82 1.19 0.96 1.24 0.98 0.74 ]
235 237 7 1669 7 [ 84 105 126 189 294 378 ] [ 0.78 0.88 1.18 0.98 1.06 0.95 0.65 ]
237 235 7 1669 7 [ 84 126 168 252 273 315 ] [ 0.71 0.95 1.29 1.06 1.30 0.91 0.71 ]
237 192 4 901 7 [ 21 63 105 126 252 315 ] [ 0.77 0.93 1.07 1.05 1.24 0.91 0.80 ]
192 237 4 901 7 [ 84 105 126 189 231 378 ] [ 0.79 0.91 1.24 0.96 1.27 0.81 0.71 ]
237 238 5 1077 7 [ 63 147 189 210 294 378 ] [ 0.61 0.83 1.22 1.07 1.20 0.95 0.88 ]
238 237 5 1077 7 [ 21 63 84 105 252 378 ] [ 0.76 0.99 1.25 0.91 1.12 0.84 0.82 ]
238 234 6 1426 7 [ 126 189 210 252 315 336 ] [ 0.74 0.88 1.16 0.91 1.28 0.90 0.88 ]
234 238 6 1426 7 [ 21 189 210 231 273 378 ] [ 0.72 0.90 1.17 1.05 1.06 0.90 0.61 ]
234 239 9 2205 7 [ 42 84 105 126 168 336 ] [ 0.67 0.80 1.25 0.96 1.18 0.86 0.72 ]
239 234 9 2205 7 [ 42 84 168 273 315 399 ] [ 0.61 0.98 1.17 0.94 1.18 0.95 0.77 ]
239 240 11 2880 7 [ 21 105 126 147 189 399 ] [ 0.74 0.85 1.29 0.90 1.16 0.96 0.82 ]
240 239 11 2880 7 [ 42 126 147 252 315 378 ] [ 0.72 0.99 1.19 1.00 1.12 0.85 0.86 ]
238 240 6 1392 7 [ 21 84 210 252 315 336 ] [ 0.79 0.82 1.10 1.09 1.23 0.89 0.79 ]
240 238 6 1392 7 [ 84 105 168 189 252 357 ] [ 0.77 0.95 1.26 0.91 1.27 0.89 0.79 ]
240 241 6 1248 7 [ 105 189 231 294 357 399 ] [ 0.82 0.88 1.21 1.03 1.02 0.94 0.67 ]
241 240 6 1248 7 [ 21 63 84 210 273 336 ] [ 0.73 0.97 1.25 1.00 1.19 0.92 0.83 ]
241 191 2 403 7 [ 21 147 168 210 294 399 ] [ 0.87 0.89 1.25 0.94 1.09 0.94 0.90 ]
191 241 2 403 7 [ 42 105 189 315 336 399 ] [ 0.72 0.81 1.30 1.07 1.29 0.83 0.68 ]
241 242 7 1690 7 [ 21 42 84 189 252 399 ] [ 0.80 0.85 1.26 0.93 1.24 0.83 0.87 ]
242 241 7 1690 7 [ 21 147 168 210 273 294 ] [ 0.80 0.81 1.27 1.02 1.04 0.91 0.71 ]
240 242 5 1217 7 [ 21 63 210 273 357 399 ] [ 0.61 0.93 1.16 0.98 1.20 0.92 0.73 ]
242 240 5 1217 7 [ 168 189 273 294 378 399 ] [ 0.90 0.98 1.03 0.97 1.06 0.80 0.77 ]
242 243 7 1580 7 [ 84 210 273 294 378 399 ] [ 0.81 0.80 1.25 0.90 1.04 0.81 0.80 ]
243 242 7 1580 7 [ 42 84 147 231 252 336 ] [ 0.78 0.97 1.08 1.02 1.01 0.82 0.64 ]
242 244 7 1752 7 [ 42 168 189 252 336 378 ] [ 0.74 0.85 1.15 1.01 1.18 0.81 0.64 ]
244 242 7 1752 7 [ 42 84 105 147 231 357 ] [ 0.89 0.81 1.27 1.04 1.27 0.99 0.65 ]
243 244 3 620 7 [ 21 63 105 210 336 378 ] [ 0.89 0.97 1.26 0.96 1.03 0.93 0.74 ]
244 243 3 620 7 [ 105 126 168 252 378 399 ] [ 0.75 0.86 1.09 0.91 1.08 0.83 0.60 ]
243 193 5 1198 7 [ 126 147 189 210 273 336 ] [ 0.74 0.89 1.01 1.00 1.06 0.84 0.85 ]
193 243 5 1198 7 [ 21 63 126 189 315 357 ] [ 0.65 0.83 1.00 1.03 1.11 0.87 0.83 ]
244 245 20 5203 7 [ 42 84 168 231 294 399 ] [ 0.88 0.86 1.01 0.94 1.25 0.93 0.83 ]
245 244 20 5203 7 [ 21 63 105 147 336 357 ] [ 0.65 0.95 1.13 0.94 1.21 0.84 0.72 ]
245 214 6 1326 7 [ 21 84 189 210 231 357 ] [ 0.78 0.95 1.13 0.93 1.03 0.92 0.90 ]
214 245 6 1326 7 [ 21 42 147 336 357 399 ] [ 0.75 0.87 1.21 0.95 1.22 0.83 0.65 ]
245 246 11 2680 7 [ 42 105 126 189 273 378 ] [ 0.67 0.86 1.01 0.99 1.10 0.90 0.77 ]
246 245 11 2680 7 [ 63 210 231 252 273 336 ] [ 0.70 0.84 1.01 0.90 1.07 0.89 0.64 ]
246 247 8 2068 7 [ 126 189 210 252 357 399 ] [ 0.65 0.83 1.12 1.10 1.16 0.82 0.77 ]
247 246 8 2068 7 [ 21 126 231 336 357 378 ] [ 0.70 0.87 1.16 0.92 1.12 0.90 0.85 ]
244 247 11 2904 7 [ 42 105 147 189 231 378 ] [ 0.74 0.81 1.07 0.95 1.18 0.92 0.72 ]
247 244 11 2904 7 [ 126 147 231 273 294 399 ] [ 0.66 0.91 1.09 0.95 1.22 0.84 0.84 ]
247 248 3 624 7 [ 126 147 168 189 210 378 ] [ 0.76 0.81 1.10 0.92 1.04 0.94 0.84 ]
248 247 3 624 7 [ 21 84 189 231 252 336 ] [ 0.65 0.89 1.16 1.09 1.04 0.99 0.71 ]
248 239 4 876 7 [ 21 63 105 168 189 252 ] [ 0.62 0.81 1.22 0.95 1.18 0.98 0.69 ]
239 248 4 876 7 [ 105 210 231 252 336 399 ] [ 0.60 0.92 1.23 0.95 1.11 0.85 0.89 ]
248 249 8 1840 7 [ 21 42 126 147 252 294 ] [ 0.89 0.83 1.15 0.98 1.22 0.84 0.82 ]
249 248 8 1840 7 [ 126 147 189 357 378 399 ] [ 0.69 0.90 1.29 0.98 1.25 0.93 0.67 ]
246 249 6 1432 7 [ 42 63 105 168 231 336 ] [ 0.82 0.99 1.21 0.90 1.16 0.87 0.87 ]
249 246 6 1432 7 [ 168 231 252 294 357 399 ] [ 0.74 0.80 1.06 0.98 1.23 0.99 0.62 ]
249 228 4 812 7 [ 21 63 84 126 336 399 ] [ 0.78 0.98 1.08 1.00 1.13 1.00 0.88 ]
228 249 4 812 7 [ 21 42 63 168 210 378 ] [ 0.76 0.95 1.04 1.07 1.28 0.84 0.90 ]
221 246 11 2857 7 [ 147 210 231 273 336 378 ] [ 0.83 0.84 1.07 1.01 1.04 0.98 0.71 ]
246 221 11 2857 7 [ 21 42 63 126 273 294 ] [ 0.69 0.81 1.16 1.05 1.29 0.81 0.71 ]
211 253 4 775 7 [ 21 63 126 189 231 357 ] [ 0.61 0.81 1.08 1.06 1.25 0.96 0.80 ]
253 211 4 775 7 [ 105 126 189 231 336 357 ] [ 0.62 0.84 1.10 0.96 1.25 0.97 0.69 ]
216 253 2 381 7 [ 42 84 147 273 315 378 ] [ 0.62 0.87 1.21 1.08 1.03 0.91 0.75 ]
253 216 2 381 7 [ 21 63 168 210 252 273 ] [ 0.86 0.89 1.06 1.09 1.08 0.99 0.64 ]
