NAME : egl-s1-B
VERTICES : 140
EDG_REQ : 75
EDG_NONREQ : 115
VEHICLES : 10
CAPACITY : 150
DEPOT : 0
STARTTIME : 0
ENDTIME : 420
SERVICE_SPEED_FACTOR : 0.70
[NETWORK_DATA]
4 5 8 26 7 [ 21 42 126 189 210 357 ] [ 0.62 0.82 1.13 0.93 1.29 0.92 0.81 ]
5 4 8 26 7 [ 126 147 231 294 315 378 ] [ 0.78 0.85 1.07 0.92 1.16 0.85 0.81 ]
5 7 4 10 7 [ 42 84 189 294 378 399 ] [ 0.80 0.99 1.05 1.02 1.04 0.83 0.76 ]
7 5 4 10 7 [ 105 168 231 252 357 399 ] [ 0.66 0.90 1.12 1.09 1.14 0.84 0.90 ]
7 8 10 37 7 [ 63 168 189 210 294 399 ] [ 0.85 0.87 1.04 0.91 1.05 0.84 0.80 ]
8 7 10 37 7 [ 21 42 84 126 231 336 ] [ 0.72 0.94 1.29 0.96 1.14 0.96 0.78 ]
7 10 13 48 7 [ 42 105 210 231 252 357 ] [ 0.61 0.97 1.08 0.93 1.03 0.83 0.84 ]
10 7 13 48 7 [ 42 84 189 210 252 399 ] [ 0.63 0.91 1.21 0.94 1.25 0.96 0.79 ]
10 11 7 25 7 [ 147 189 231 273 294 336 ] [ 0.78 0.82 1.19 0.97 1.13 0.83 0.88 ]
11 10 7 25 7 [ 63 126 168 315 357 399 ] [ 0.87 0.99 1.01 1.06 1.00 0.98 0.63 ]
11 12 4 12 7 [ 21 126 210 294 315 336 ] [ 0.78 0.82 1.11 0.91 1.08 0.87 0.62 ]
12 11 4 12 7 [ 147 189 252 315 378 399 ] [ 0.77 0.84 1.18 1.00 1.21 0.90 0.70 ]
12 13 6 18 7 [ 42 84 126 189 273 378 ] [ 0.72 0.87 1.04 0.95 1.24 0.83 0.67 ]
13 12 6 18 7 [ 42 105 147 252 357 378 ] [ 0.86 0.99 1.21 1.05 1.21 0.92 0.70 ]
19 21 4 10 7 [ 21 42 189 231 252 336 ] [ 0.68 0.88 1.28 1.04 1.28 0.93 0.66 ]
21 19 4 10 7 [ 21 42 168 231 252 399 ] [ 0.66 0.82 1.02 1.02 1.04 0.84 0.74 ]
19 23 9 33 7 [ 63 84 126 252 273 399 ] [ 0.77 0.81 1.12 0.96 1.24 0.88 0.71 ]
23 19 9 33 7 [ 21 105 147 231 252 315 ] [ 0.67 0.82 1.25 1.00 1.23 0.90 0.85 ]
23 24 4 10 7 [ 105 126 210 252 273 378 ] [ 0.63 0.88 1.19 0.92 1.07 0.99 0.81 ]
24 23 4 10 7 [ 42 231 252 336 357 399 ] [ 0.85 0.90 1.15 1.01 1.17 0.97 0.89 ]
24 26 6 19 7 [ 21 84 105 210 231 273 ] [ 0.80 0.98 1.08 1.00 1.23 0.95 0.62 ]
26 24 6 19 7 [ 63 147 231 315 357 378 ] [ 0.86 0.91 1.14 1.02 1.19 0.86 0.62 ]
26 27 3 6 7 [ 21 105 126 168 252 399 ] [ 0.90 1.00 1.07 0.93 1.02 0.92 0.85 ]
27 26 3 6 7 [ 63 105 126 231 252 357 ] [ 0.84 0.90 1.25 1.10 1.25 0.93 0.61 ]
27 28 2 5 7 [ 105 189 210 231 378 399 ] [ 0.66 0.84 1.08 0.91 1.18 0.95 0.73 ]
28 27 2 5 7 [ 21 147 231 252 336 357 ] [ 0.85 0.85 1.29 0.93 1.12 0.85 0.63 ]
27 29 2 5 7 [ 42 105 126 210 231 399 ] [ 0.89 0.81 1.19 1.02 1.10 0.98 0.87 ]
29 27 2 5 7 [ 63 168 231 315 357 399 ] [ 0.74 0.86 1.24 1.03 1.22 0.95 0.76 ]
29 31 8 28 7 [ 42 84 147 231 252 399 ] [ 0.87 0.82 1.23 1.05 1.03 0.81 0.63 ]
31 29 8 28 7 [ 21 63 105 147 294 336 ] [ 0.69 0.91 1.12 1.07 1.20 0.81 0.89 ]
10 32 7 24 7 [ 63 105 294 336 357 378 ] [ 0.80 0.92 1.22 1.05 1.08 0.94 0.68 ]
32 10 7 24 7 [ 21 147 210 231 294 378 ] [ 0.67 0.85 1.25 0.93 1.14 0.92 0.62 ]
33 138 14 49 7 [ 84 168 231 252 315 336 ] [ 0.68 0.84 1.10 1.07 1.27 0.97 0.75 ]
138 33 14 49 7 [ 126 147 189 231 336 357 ] [ 0.62 0.97 1.04 1.03 1.07 0.92 0.75 ]
35 36 6 20 7 [ 42 63 126 210 294 357 ] [ 0.65 0.99 1.11 1.09 1.27 0.90 0.61 ]
36 35 6 20 7 [ 105 126 231 336 357 399 ] [ 0.86 0.88 1.23 1.09 1.21 0.89 0.73 ]
35 37 7 25 7 [ 42 63 147 189 231 336 ] [ 0.64 0.91 1.24 1.02 1.17 0.92 0.82 ]
37 35 7 25 7 [ 42 63 147 210 357 378 ] [ 0.78 0.81 1.23 0.92 1.11 0.87 0.64 ]
37 38 3 6 7 [ 42 105 126 147 315 378 ] [ 0.66 0.98 1.00 0.96 1.27 0.96 0.80 ]
38 37 3 6 7 [ 21 42 168 273 294 357 ] [ 0.70 0.86 1.06 0.94 1.11 0.87 0.69 ]
38 39 6 18 7 [ 210 231 252 273 315 378 ] [ 0.66 0.96 1.01 0.96 1.03 0.84 0.61 ]
39 38 6 18 7 [ 21 42 63 168 189 357 ] [ 0.78 0.92 1.08 1.04 1.20 0.92 0.73 ]
36 42 5 16 7 [ 84 126 189 210 273 315 ] [ 0.80 0.90 1.13 0.95 1.18 0.92 0.62 ]
42 36 5 16 7 [ 84 105 126 252 336 399 ] [ 0.82 0.86 1.05 1.05 1.13 0.84 0.65 ]
42 43 9 31 7 [ 84 189 231 294 357 378 ] [ 0.86 0.84 1.23 0.91 1.26 0.95 0.65 ]
43 42 9 31 7 [ 105 126 210 273 315 357 ] [ 0.82 0.95 1.12 1.06 1.13 0.85 0.62 ]
43 44 5 14 7 [ 21 84 126 210 231 315 ] [ 0.90 0.99 1.06 1.00 1.26 0.91 0.70 ]
44 43 5 14 7 [ 21 168 189 294 315 399 ] [ 0.64 0.98 1.13 1.09 1.17 0.93 0.73 ]
33 44 2 4 7 [ 168 189 210 252 294 315 ] [ 0.87 0.99 1.27 0.91 1.05 0.94 0.85 ]
44 33 2 4 7 [ 84 126 147 168 273 378 ] [ 0.83 0.82 1.02 1.07 1.01 0.91 0.87 ]
42 45 2 5 7 [ 63 168 189 294 336 378 ] [ 0.71 0.80 1.06 0.91 1.13 0.96 0.80 ]
45 42 2 5 7 [ 105 168 315 336 378 399 ] [ 0.81 0.91 1.12 1.04 1.12 0.92 0.64 ]
32 138 4 13 7 [ 147 168 189 210 294 399 ] [ 0.65 0.97 1.28 1.04 1.10 0.86 0.65 ]
138 32 4 13 7 [ 21 63 105 168 231 357 ] [ 0.89 0.82 1.22 0.96 1.20 0.90 0.79 ]
47 48 4 10 7 [ 126 147 252 315 357 378 ] [ 0.60 0.88 1.01 0.93 1.09 0.91 0.81 ]
48 47 4 10 7 [ 42 63 105 231 357 399 ] [ 0.89 0.90 1.17 0.95 1.27 0.96 0.85 ]
48 139 7 24 7 [ 42 63 168 210 252 357 ] [ 0.67 0.83 1.22 1.04 1.08 0.90 0.69 ]
139 48 7 24 7 [ 126 147 294 357 378 399 ] [ 0.75 0.82 1.02 1.04 1.01 0.89 0.72 ]
53 54 4 10 7 [ 126 210 231 273 378 399 ] [ 0.74 0.98 1.11 1.03 1.00 0.91 0.69 ]
54 53 4 10 7 [ 21 210 273 315 357 378 ] [ 0.62 0.92 1.05 0.97 1.05 0.82 0.86 ]
54 55 2 4 7 [ 105 189 210 231 294 378 ] [ 0.77 0.92 1.09 0.90 1.25 0.94 0.68 ]
55 54 2 4 7 [ 42 147 210 315 357 399 ] [ 0.84 0.93 1.28 0.96 1.00 0.90 0.82 ]
61 62 3 7 7 [ 84 231 273 315 336 357 ] [ 0.84 0.99 1.12 1.10 1.09 0.93 0.74 ]
62 61 3 7 7 [ 126 189 231 252 294 399 ] [ 0.71 0.80 1.21 0.98 1.26 0.98 0.69 ]
62 63 3 9 7 [ 189 210 252 294 315 399 ] [ 0.84 0.91 1.18 1.09 1.25 0.93 0.77 ]
63 62 3 9 7 [ 84 105 168 357 378 399 ] [ 0.77 0.84 1.03 0.91 1.07 0.80 0.76 ]
63 64 5 15 7 [ 63 105 126 210 273 336 ] [ 0.76 0.90 1.26 1.00 1.03 0.89 0.82 ]
64 63 5 15 7 [ 147 231 252 273 315 378 ] [ 0.67 0.83 1.13 0.95 1.15 0.83 0.74 ]
61 65 10 37 7 [ 84 147 210 231 252 378 ] [ 0.86 0.92 1.15 1.05 1.08 0.86 0.71 ]
65 61 10 37 7 [ 105 147 168 189 315 378 ] [ 0.62 0.88 1.15 1.04 1.10 0.90 0.62 ]
65 66 9 33 7 [ 21 126 168 189 231 252 ] [ 0.63 0.86 1.22 1.07 1.21 0.89 0.88 ]
66 65 9 33 7 [ 21 84 168 252 273 357 ] [ 0.78 0.98 1.06 1.08 1.14 0.98 0.87 ]
66 67 3 9 7 [ 21 84 147 252 273 294 ] [ 0.87 0.89 1.13 0.91 1.05 0.88 0.69 ]
67 66 3 9 7 [ 105 126 210 231 294 336 ] [ 0.85 0.85 1.21 1.04 1.13 0.88 0.82 ]
66 68 2 4 7 [ 42 63 252 294 336 378 ] [ 0.89 0.89 1.26 0.96 1.15 0.81 0.83 ]
68 66 2 4 7 [ 42 84 147 168 231 378 ] [ 0.67 0.96 1.17 1.03 1.07 0.81 0.87 ]
68 70 3 6 7 [ 21 63 189 210 252 399 ] [ 0.77 0.91 1.25 1.06 1.20 0.89 0.87 ]
70 68 3 6 7 [ 105 168 210 252 315 399 ] [ 0.73 0.94 1.23 0.97 1.05 0.98 0.82 ]
70 71 3 9 7 [ 63 105 147 210 294 336 ] [ 0.69 0.81 1.03 0.93 1.22 0.99 0.75 ]
71 70 3 9 7 [ 42 63 105 126 231 252 ] [ 0.62 0.93 1.14 1.07 1.14 0.92 0.72 ]
71 72 6 18 7 [ 42 84 147 189 231 273 ] [ 0.65 0.94 1.21 1.03 1.07 0.94 0.74 ]
72 71 6 18 7 [ 42 105 147 189 252 315 ] [ 0.73 0.83 1.14 1.00 1.11 0.86 0.80 ]
43 72 10 36 7 [ 42 189 273 357 378 399 ] [ 0.61 0.95 1.28 0.97 1.27 1.00 0.75 ]
72 43 10 36 7 [ 63 126 168 210 315 399 ] [ 0.86 0.89 1.10 1.07 1.05 0.95 0.81 ]
45 76 5 16 7 [ 42 105 294 315 336 399 ] [ 0.71 0.87 1.21 1.07 1.23 0.97 0.83 ]
76 45 5 16 7 [ 21 84 168 231 315 378 ] [ 0.63 0.96 1.15 1.09 1.01 0.83 0.73 ]
76 77 5 15 7 [ 126 168 315 336 357 378 ] [ 0.71 0.87 1.28 0.98 1.06 0.85 0.69 ]
77 76 5 15 7 [ 42 84 126 147 252 336 ] [ 0.74 0.90 1.01 0.91 1.03 0.92 0.83 ]
77 78 4 12 7 [ 63 84 168 210 252 399 ] [ 0.87 0.85 1.30 0.97 1.04 0.87 0.83 ]
78 77 4 12 7 [ 42 63 84 210 252 294 ] [ 0.84 0.92 1.10 1.01 1.18 1.00 0.85 ]
78 79 4 12 7 [ 21 126 147 231 252 315 ] [ 0.79 0.81 1.04 1.02 1.12 0.91 0.80 ]
79 78 4 12 7 [ 105 189 231 273 294 378 ] [ 0.69 0.99 1.23 1.09 1.21 0.87 0.75 ]
79 81 5 16 7 [ 42 168 210 252 336 378 ] [ 0.63 0.89 1.00 0.95 1.19 0.97 0.64 ]
81 79 5 16 7 [ 42 84 105 210 231 399 ] [ 0.82 0.91 1.08 1.02 1.20 0.85 0.66 ]
81 83 4 13 7 [ 21 84 210 273 315 357 ] [ 0.86 0.91 1.07 1.05 1.13 0.98 0.78 ]
83 81 4 13 7 [ 84 210 315 336 357 378 ] [ 0.78 0.93 1.27 0.95 1.14 0.99 0.78 ]
83 84 4 10 7 [ 21 84 147 189 210 252 ] [ 0.66 0.89 1.15 0.95 1.21 0.92 0.69 ]
84 83 4 10 7 [ 21 84 105 189 210 357 ] [ 0.63 0.85 1.29 1.09 1.22 0.83 0.79 ]
84 85 6 20 7 [ 105 189 210 252 315 336 ] [ 0.69 0.93 1.15 0.91 1.11 0.98 0.84 ]
85 84 6 20 7 [ 84 105 168 252 378 399 ] [ 0.87 0.80 1.01 1.05 1.27 0.92 0.66 ]
85 86 2 4 7 [ 84 105 147 189 315 357 ] [ 0.73 0.98 1.28 0.98 1.01 0.92 0.75 ]
86 85 2 4 7 [ 21 42 84 168 189 210 ] [ 0.64 0.88 1.13 0.96 1.24 0.83 0.72 ]
94 95 3 8 7 [ 21 42 63 84 147 168 ] [ 0.65 0.90 1.01 1.09 1.21 0.90 0.67 ]
95 94 3 8 7 [ 105 189 231 252 294 336 ] [ 0.65 0.92 1.03 1.04 1.00 0.98 0.85 ]
95 96 5 17 7 [ 42 273 294 315 357 378 ] [ 0.78 0.83 1.17 0.97 1.12 0.93 0.72 ]
96 95 5 17 7 [ 42 105 147 210 273 336 ] [ 0.63 0.82 1.00 1.03 1.01 0.90 0.77 ]
96 97 2 3 7 [ 21 105 210 315 336 399 ] [ 0.83 0.80 1.10 0.94 1.21 0.87 0.80 ]
97 96 2 3 7 [ 63 252 294 336 357 378 ] [ 0.60 0.83 1.17 0.96 1.11 0.81 0.64 ]
101 103 6 21 7 [ 105 168 189 273 315 357 ] [ 0.72 0.98 1.10 1.09 1.17 0.91 0.68 ]
103 101 6 21 7 [ 21 84 147 189 231 315 ] [ 0.67 0.84 1.08 1.04 1.16 0.82 0.66 ]
103 104 3 6 7 [ 42 63 315 336 357 399 ] [ 0.90 0.88 1.06 1.02 1.20 0.89 0.86 ]
104 103 3 6 7 [ 21 42 63 210 231 252 ] [ 0.83 0.93 1.24 0.92 1.01 0.82 0.83 ]
104 105 5 15 7 [ 63 126 168 252 294 378 ] [ 0.89 0.84 1.02 0.96 1.25 0.82 0.83 ]
105 104 5 15 7 [ 84 105 189 231 336 399 ] [ 0.63 0.92 1.11 1.03 1.20 0.98 0.74 ]
105 106 8 28 7 [ 63 126 252 273 336 357 ] [ 0.69 0.90 1.17 0.95 1.16 0.96 0.77 ]
106 105 8 28 7 [ 21 63 126 147 210 273 ] [ 0.74 0.85 1.20 1.03 1.27 0.94 0.70 ]
106 107 7 25 7 [ 21 63 84 147 252 357 ] [ 0.65 0.97 1.17 0.92 1.15 0.82 0.66 ]
107 106 7 25 7 [ 63 189 273 294 378 399 ] [ 0.76 0.95 1.27 0.93 1.21 0.98 0.74 ]
107 108 27 103 7 [ 21 42 231 252 294 399 ] [ 0.70 0.83 1.03 0.90 1.01 0.89 0.63 ]
108 107 27 103 7 [ 21 63 147 210 252 378 ] [ 0.69 0.94 1.13 1.00 1.28 0.94 0.65 ]
106 109 3 8 7 [ 105 147 168 252 273 357 ] [ 0.66 1.00 1.15 0.96 1.27 0.85 0.71 ]
109 106 3 8 7 [ 21 147 210 231 252 357 ] [ 0.79 0.94 1.18 0.98 1.25 0.82 0.79 ]
109 110 3 7 7 [ 21 105 168 252 336 399 ] [ 0.74 0.89 1.14 0.99 1.24 0.99 0.72 ]
110 109 3 7 7 [ 42 63 252 273 378 399 ] [ 0.65 0.90 1.12 0.94 1.22 0.89 0.83 ]
109 111 4 13 7 [ 21 84 168 189 210 273 ] [ 0.86 0.91 1.17 0.95 1.06 0.81 0.85 ]
111 109 4 13 7 [ 21 42 84 210 294 378 ] [ 0.86 0.93 1.28 1.02 1.29 0.99 0.75 ]
106 111 4 13 7 [ 105 168 189 294 357 378 ] [ 0.61 0.87 1.17 1.02 1.02 0.94 0.73 ]
111 106 4 13 7 [ 168 189 231 252 273 336 ] [ 0.67 0.82 1.20 0.90 1.29 0.94 0.74 ]
111 112 2 4 7 [ 84 273 315 336 357 378 ] [ 0.69 0.85 1.10 1.01 1.11 0.81 0.86 ]
112 111 2 4 7 [ 42 63 210 231 273 357 ] [ 0.82 0.92 1.07 1.06 1.16 0.93 0.86 ]
112 113 4 12 7 [ 105 147 231 252 273 357 ] [ 0.61 1.00 1.20 0.97 1.05 0.81 0.63 ]
113 112 4 12 7 [ 42 84 231 273 315 378 ] [ 0.64 0.84 1.14 0.90 1.07 0.93 0.83 ]
0 115 6 18 7 [ 21 42 105 168 273 378 ] [ 0.64 0.85 1.27 0.94 1.01 0.84 0.84 ]
115 0 6 18 7 [ 21 63 231 252 336 357 ] [ 0.68 0.96 1.25 1.06 1.21 0.97 0.81 ]
115 116 6 19 7 [ 42 189 252 273 294 399 ] [ 0.69 0.82 1.26 0.95 1.06 0.96 0.76 ]
116 115 6 19 7 [ 42 84 252 273 294 315 ] [ 0.71 0.90 1.13 1.06 1.09 0.85 0.66 ]
1 116 5 16 7 [ 21 147 168 210 273 357 ] [ 0.84 0.93 1.02 0.98 1.02 0.97 0.73 ]
116 1 5 16 7 [ 42 84 126 252 378 399 ] [ 0.68 0.92 1.28 1.04 1.08 0.95 0.64 ]
116 118 7 24 7 [ 63 147 168 210 231 273 ] [ 0.61 0.89 1.24 1.01 1.00 0.84 0.73 ]
118 116 7 24 7 [ 42 84 126 147 168 378 ] [ 0.67 0.81 1.24 1.08 1.27 0.87 0.66 ]
113 117 16 58 7 [ 42 126 147 231 378 399 ] [ 0.67 0.83 1.22 1.08 1.07 0.94 0.86 ]
117 113 16 58 7 [ 21 42 189 252 378 399 ] [ 0.79 0.92 1.09 1.04 1.05 0.99 0.79 ]
123 125 4 11 7 [ 42 105 252 273 315 378 ] [ 0.68 0.88 1.02 1.10 1.23 0.80 0.88 ]
125 123 4 11 7 [ 84 126 189 210 315 357 ] [ 0.66 0.89 1.22 0.90 1.29 0.98 0.81 ]
125 129 10 35 7 [ 63 84 105 273 315 378 ] [ 0.88 1.00 1.01 1.05 1.28 0.85 0.71 ]
129 125 10 35 7 [ 42 84 105 126 168 273 ] [ 0.69 0.91 1.01 0.91 1.04 0.86 0.83 ]
54 139 5 14 7 [ 42 84 126 168 252 357 ] [ 0.65 0.97 1.27 0.95 1.21 0.93 0.61 ]
139 54 5 14 7 [ 147 189 231 294 315 357 ] [ 0.78 0.96 1.20 1.01 1.09 0.85 0.73 ]
10 26 14 50 7 [ 21 84 168 315 357 378 ] [ 0.80 0.99 1.01 0.90 1.19 0.98 0.86 ]
26 10 14 50 7 [ 63 126 168 189 210 357 ] [ 0.82 0.87 1.21 0.92 1.14 0.88 0.61 ]
5 6 6 0 7 [ 42 84 105 147 273 378 ] [ 0.88 0.97 1.05 1.05 1.04 0.84 0.64 ]
6 5 6 0 7 [ 84 126 210 315 357 378 ] [ 0.61 0.99 1.10 0.90 1.04 0.87 0.71 ]
8 9 4 0 7 [ 84 126 168 189 252 315 ] [ 0.80 0.96 1.05 1.08 1.23 0.91 0.71 ]
9 8 4 0 7 [ 84 189 210 252 357 399 ] [ 0.60 0.84 1.10 0.99 1.10 0.95 0.79 ]
9 14 4 0 7 [ 105 126 210 315 357 378 ] [ 0.90 0.90 1.16 1.08 1.23 0.82 0.68 ]
14 9 4 0 7 [ 21 42 84 231 273 315 ] [ 0.90 0.81 1.25 0.93 1.27 0.88 0.79 ]
14 15 3 0 7 [ 42 63 147 210 294 336 ] [ 0.87 0.82 1.07 1.04 1.24 0.91 0.64 ]
15 14 3 0 7 [ 42 63 147 273 294 399 ] [ 0.62 0.94 1.23 1.01 1.17 0.81 0.85 ]
14 16 4 0 7 [ 63 84 147 168 273 336 ] [ 0.67 0.96 1.09 0.93 1.14 0.83 0.69 ]
16 14 4 0 7 [ 189 252 273 315 378 399 ] [ 0.85 0.95 1.10 1.03 1.12 0.93 0.68 ]
12 16 3 0 7 [ 147 189 231 273 315 357 ] [ 0.75 0.88 1.26 1.00 1.00 0.86 0.76 ]
16 12 3 0 7 [ 126 210 252 273 336 399 ] [ 0.72 0.93 1.30 1.08 1.25 0.96 0.80 ]
12 15 4 0 7 [ 105 126 189 231 294 336 ] [ 0.63 0.97 1.23 1.02 1.15 0.83 0.71 ]
15 12 4 0 7 [ 84 105 231 273 294 336 ] [ 0.75 0.98 1.06 0.97 1.21 1.00 0.80 ]
16 17 3 0 7 [ 105 147 168 231 315 378 ] [ 0.87 0.93 1.27 0.96 1.22 0.92 0.74 ]
17 16 3 0 7 [ 63 210 231 252 315 357 ] [ 0.86 0.90 1.02 0.90 1.03 0.87 0.66 ]
17 18 3 0 7 [ 21 42 210 315 357 378 ] [ 0.72 0.85 1.28 1.01 1.02 0.92 0.76 ]
18 17 3 0 7 [ 42 126 147 189 315 399 ] [ 0.62 0.82 1.11 1.07 1.07 0.98 0.76 ]
9 18 8 0 7 [ 63 84 126 210 231 336 ] [ 0.61 1.00 1.07 1.05 1.02 0.93 0.61 ]
18 9 8 0 7 [ 105 147 210 252 357 399 ] [ 0.70 0.80 1.07 1.04 1.13 0.81 0.89 ]
11 19 10 0 7 [ 105 210 294 336 357 378 ] [ 0.70 0.99 1.17 0.92 1.16 0.84 0.86 ]
19 11 10 0 7 [ 126 168 189 210 273 294 ] [ 0.88 0.95 1.20 0.95 1.11 0.98 0.73 ]
19 20 16 0 7 [ 63 168 189 273 294 378 ] [ 0.78 0.92 1.24 1.06 1.29 0.92 0.65 ]
20 19 16 0 7 [ 84 210 273 294 315 399 ] [ 0.90 0.97 1.12 0.96 1.26 0.90 0.70 ]
20 22 15 0 7 [ 105 126 147 231 357 399 ] [ 0.73 0.91 1.11 0.95 1.10 0.98 0.72 ]
22 20 15 0 7 [ 147 210 231 294 336 378 ] [ 0.66 0.93 1.25 1.00 1.14 0.95 0.87 ]
22 23 15 0 7 [ 42 147 252 273 294 357 ] [ 0.82 0.95 1.07 1.10 1.22 0.93 0.71 ]
23 22 15 0 7 [ 84 168 189 231 273 336 ] [ 0.82 0.97 1.13 1.02 1.12 0.97 0.77 ]
24 25 13 0 7 [ 126 147 252 273 315 357 ] [ 0.76 0.90 1.03 1.07 1.28 1.00 0.76 ]
25 24 13 0 7 [ 21 105 126 189 336 378 ] [ 0.73 0.98 1.20 0.97 1.09 0.85 0.70 ]
22 25 6 0 7 [ 42 189 210 273 294 315 ] [ 0.80 0.88 1.08 1.05 1.28 0.89 0.86 ]
25 22 6 0 7 [ 42 147 168 273 315 336 ] [ 0.80 0.92 1.16 1.03 1.20 0.86 0.71 ]
29 30 12 0 7 [ 21 42 168 252 273 294 ] [ 0.87 0.90 1.07 0.99 1.05 0.84 0.73 ]
30 29 12 0 7 [ 168 231 252 294 336 357 ] [ 0.79 0.92 1.28 0.97 1.28 0.95 0.71 ]
25 30 4 0 7 [ 84 126 168 231 252 399 ] [ 0.87 0.97 1.17 0.94 1.14 0.85 0.77 ]
30 25 4 0 7 [ 42 63 189 294 315 378 ] [ 0.89 0.86 1.11 1.07 1.10 0.98 0.61 ]
28 32 14 0 7 [ 42 105 126 252 378 399 ] [ 0.79 0.84 1.15 1.03 1.16 0.94 0.72 ]
32 28 14 0 7 [ 63 105 168 189 315 399 ] [ 0.78 0.91 1.22 0.90 1.09 0.87 0.86 ]
33 34 16 0 7 [ 21 105 147 189 315 378 ] [ 0.62 0.84 1.21 1.09 1.16 0.99 0.72 ]
34 33 16 0 7 [ 21 168 189 252 273 357 ] [ 0.70 0.81 1.12 1.07 1.10 0.89 0.90 ]
34 35 2 0 7 [ 21 168 210 315 336 357 ] [ 0.64 0.97 1.12 0.92 1.16 0.99 0.89 ]
35 34 2 0 7 [ 21 42 63 126 147 210 ] [ 0.62 0.97 1.03 0.97 1.12 0.91 0.84 ]
34 36 5 0 7 [ 21 63 84 189 231 378 ] [ 0.87 0.91 1.11 1.02 1.28 0.91 0.88 ]
36 34 5 0 7 [ 84 168 189 231 252 357 ] [ 0.60 0.82 1.03 0.99 1.04 0.91 0.65 ]
39 40 4 0 7 [ 105 189 231 252 273 378 ] [ 0.88 0.97 1.10 0.99 1.09 0.94 0.73 ]
40 39 4 0 7 [ 21 168 231 294 336 399 ] [ 0.89 0.86 1.18 1.00 1.26 0.88 0.82 ]
37 40 4 0 7 [ 21 42 231 273 336 357 ] [ 0.76 0.95 1.24 1.00 1.18 0.87 0.66 ]
40 37 4 0 7 [ 21 84 147 210 273 378 ] [ 0.70 0.96 1.10 0.92 1.23 0.86 0.89 ]
40 46 26 0 7 [ 42 84 126 189 273 336 ] [ 0.89 1.00 1.07 0.96 1.20 0.91 0.65 ]
46 40 26 0 7 [ 21 63 147 231 273 336 ] [ 0.69 0.99 1.17 1.08 1.22 0.90 0.62 ]
36 41 5 0 7 [ 105 126 147 210 315 357 ] [ 0.80 0.83 1.01 1.04 1.24 0.93 0.89 ]
41 36 5 0 7 [ 21 63 84 147 231 273 ] [ 0.81 0.98 1.03 1.00 1.11 0.81 0.78 ]
41 42 2 0 7 [ 147 231 273 315 336 399 ] [ 0.70 0.90 1.26 0.92 1.00 0.99 0.68 ]
42 41 2 0 7 [ 63 84 147 231 252 315 ] [ 0.80 0.92 1.27 1.09 1.19 0.89 0.67 ]
41 46 2 0 7 [ 21 42 84 126 147 336 ] [ 0.66 0.93 1.11 1.04 1.28 0.94 0.83 ]
46 41 2 0 7 [ 42 105 126 273 294 357 ] [ 0.84 0.94 1.17 0.93 1.14 0.95 0.75 ]
45 46 3 0 7 [ 42 63 273 294 315 378 ] [ 0.82 0.90 1.08 0.97 1.05 0.88 0.84 ]
46 45 3 0 7 [ 42 84 126 210 273 357 ] [ 0.65 0.99 1.15 0.93 1.14 0.92 0.66 ]
47 138 14 0 7 [ 42 84 210 273 357 399 ] [ 0.88 1.00 1.29 1.00 1.12 0.96 0.65 ]
138 47 14 0 7 [ 63 126 189 252 294 357 ] [ 0.69 0.98 1.20 1.06 1.05 0.89 0.64 ]
47 49 3 0 7 [ 42 105 168 189 357 378 ] [ 0.83 0.86 1.19 0.93 1.17 0.80 0.84 ]
49 47 3 0 7 [ 84 168 189 231 273 294 ] [ 0.73 0.81 1.20 0.93 1.20 0.91 0.86 ]
49 50 9 0 7 [ 21 42 105 210 231 399 ] [ 0.65 0.95 1.15 0.96 1.01 0.95 0.68 ]
50 49 9 0 7 [ 21 63 126 210 231 378 ] [ 0.70 0.88 1.09 0.99 1.07 0.84 0.62 ]
50 51 4 0 7 [ 21 42 168 315 357 378 ] [ 0.83 0.89 1.25 0.92 1.15 0.94 0.86 ]
51 50 4 0 7 [ 21 189 273 315 336 357 ] [ 0.61 0.83 1.06 0.97 1.20 0.81 0.87 ]
51 52 4 0 7 [ 105 126 189 252 315 357 ] [ 0.75 0.81 1.18 1.04 1.17 0.88 0.71 ]
52 51 4 0 7 [ 42 63 210 231 252 378 ] [ 0.70 0.81 1.10 1.01 1.05 0.86 0.79 ]
52 139 7 0 7 [ 42 105 168 273 315 357 ] [ 0.69 0.96 1.07 1.08 1.08 0.90 0.69 ]
139 52 7 0 7 [ 147 168 189 315 357 399 ] [ 0.79 0.95 1.14 1.04 1.07 0.97 0.89 ]
55 56 14 0 7 [ 21 63 105 126 168 252 ] [ 0.86 0.98 1.27 1.08 1.28 0.97 0.64 ]
56 55 14 0 7 [ 105 126 189 210 294 336 ] [ 0.87 0.82 1.21 0.96 1.07 0.91 0.71 ]
56 57 6 0 7 [ 63 105 210 252 273 294 ] [ 0.71 0.86 1.05 0.91 1.26 0.83 0.61 ]
57 56 6 0 7 [ 147 252 273 294 336 378 ] [ 0.73 0.84 1.20 1.09 1.06 0.90 0.81 ]
57 58 11 0 7 [ 84 105 210 294 357 378 ] [ 0.72 0.85 1.28 0.99 1.08 0.94 0.73 ]
58 57 11 0 7 [ 147 168 252 357 378 399 ] [ 0.61 0.85 1.08 0.95 1.20 0.97 0.73 ]
58 59 6 0 7 [ 63 147 168 273 336 399 ] [ 0.64 0.80 1.21 0.96 1.19 0.96 0.77 ]
59 58 6 0 7 [ 21 63 84 126 147 273 ] [ 0.75 0.97 1.13 1.09 1.30 0.97 0.80 ]
44 59 5 0 7 [ 21 147 231 273 357 378 ] [ 0.70 0.84 1.02 1.01 1.07 0.90 0.83 ]
59 44 5 0 7 [ 21 84 168 189 252 294 ] [ 0.75 0.88 1.27 0.94 1.21 0.82 0.82 ]
59 60 10 0 7 [ 42 84 168 336 357 399 ] [ 0.60 0.90 1.10 1.01 1.15 0.87 0.61 ]
60 59 10 0 7 [ 63 189 252 294 378 399 ] [ 0.90 0.83 1.07 0.91 1.25 0.99 0.87 ]
58 60 9 0 7 [ 42 147 189 315 336 357 ] [ 0.61 0.81 1.28 1.09 1.18 0.92 0.65 ]
60 58 9 0 7 [ 21 42 63 147 168 336 ] [ 0.72 0.85 1.09 1.00 1.17 0.89 0.83 ]
48 60 4 0 7 [ 21 126 168 189 294 357 ] [ 0.80 0.99 1.21 0.97 1.03 0.88 0.77 ]
60 48 4 0 7 [ 42 63 105 189 336 378 ] [ 0.80 0.89 1.01 0.97 1.24 0.95 0.82 ]
56 61 5 0 7 [ 126 189 210 231 357 399 ] [ 0.71 0.93 1.18 0.94 1.03 0.86 0.62 ]
61 56 5 0 7 [ 63 126 147 231 315 357 ] [ 0.86 0.82 1.11 1.09 1.05 0.97 0.68 ]
55 64 9 0 7 [ 63 168 210 273 357 378 ] [ 0.64 0.94 1.11 1.07 1.06 0.96 0.86 ]
64 55 9 0 7 [ 147 189 252 294 336 357 ] [ 0.71 0.96 1.03 0.96 1.15 0.93 0.74 ]
68 69 3 0 7 [ 42 168 231 315 357 378 ] [ 0.64 0.96 1.26 1.04 1.03 0.90 0.67 ]
69 68 3 0 7 [ 21 84 126 189 357 378 ] [ 0.66 0.89 1.14 1.09 1.28 0.89 0.67 ]
69 70 3 0 7 [ 42 84 126 336 357 399 ] [ 0.79 0.82 1.06 0.96 1.02 0.84 0.81 ]
70 69 3 0 7 [ 105 126 231 315 357 378 ] [ 0.61 0.83 1.24 1.05 1.04 0.90 0.75 ]
71 73 5 0 7 [ 168 189 252 294 315 399 ] [ 0.90 0.92 1.19 0.96 1.24 0.94 0.65 ]
73 71 5 0 7 [ 21 126 147 189 378 399 ] [ 0.79 0.90 1.20 0.92 1.05 0.91 0.63 ]
72 73 2 0 7 [ 21 84 126 168 210 273 ] [ 0.70 0.93 1.21 1.09 1.22 0.84 0.62 ]
73 72 2 0 7 [ 42 63 126 168 294 378 ] [ 0.76 0.95 1.28 1.02 1.28 0.88 0.78 ]
70 74 10 0 7 [ 84 105 126 294 315 399 ] [ 0.88 0.82 1.02 1.03 1.24 0.93 0.88 ]
74 70 10 0 7 [ 105 168 189 210 273 294 ] [ 0.86 0.97 1.28 0.93 1.11 0.81 0.76 ]
74 75 13 0 7 [ 21 147 210 231 252 357 ] [ 0.61 0.98 1.00 0.95 1.03 0.92 0.74 ]
75 74 13 0 7 [ 63 105 315 336 378 399 ] [ 0.82 1.00 1.03 0.96 1.25 0.85 0.79 ]
73 75 8 0 7 [ 42 105 126 252 273 378 ] [ 0.62 0.88 1.07 1.04 1.00 0.93 0.83 ]
75 73 8 0 7 [ 42 105 147 231 252 378 ] [ 0.63 0.82 1.09 1.10 1.10 0.93 0.69 ]
75 76 4 0 7 [ 42 147 252 273 378 399 ] [ 0.76 0.89 1.17 0.91 1.07 0.96 0.62 ]
76 75 4 0 7 [ 84 210 252 273 357 378 ] [ 0.65 0.90 1.18 1.06 1.21 0.84 0.70 ]
78 80 3 0 7 [ 84 105 294 315 357 399 ] [ 0.70 0.95 1.01 1.00 1.28 0.80 0.84 ]
80 78 3 0 7 [ 42 63 189 210 315 378 ] [ 0.66 0.96 1.20 0.96 1.06 0.84 0.78 ]
79 80 4 0 7 [ 21 63 84 126 210 315 ] [ 0.77 0.81 1.26 0.91 1.07 0.91 0.81 ]
80 79 4 0 7 [ 21 147 168 231 336 399 ] [ 0.72 0.86 1.00 0.95 1.15 0.92 0.68 ]
81 82 4 0 7 [ 21 84 147 168 231 399 ] [ 0.68 0.90 1.09 0.96 1.15 0.89 0.81 ]
82 81 4 0 7 [ 42 84 189 252 357 378 ] [ 0.79 0.86 1.19 1.08 1.17 0.90 0.90 ]
80 82 5 0 7 [ 147 168 210 231 357 399 ] [ 0.79 0.99 1.13 1.02 1.21 0.99 0.62 ]
82 80 5 0 7 [ 84 105 210 252 273 399 ] [ 0.71 0.95 1.06 0.98 1.18 0.81 0.64 ]
82 83 6 0 7 [ 42 105 168 189 252 273 ] [ 0.72 0.94 1.05 0.95 1.12 0.82 0.76 ]
83 82 6 0 7 [ 42 63 126 189 210 357 ] [ 0.90 1.00 1.02 0.90 1.03 0.86 0.85 ]
85 87 9 0 7 [ 105 126 189 315 336 378 ] [ 0.80 0.96 1.22 1.07 1.21 0.97 0.67 ]
87 85 9 0 7 [ 21 105 147 252 273 336 ] [ 0.68 0.85 1.23 1.09 1.23 0.90 0.89 ]
87 88 5 0 7 [ 42 84 168 231 357 378 ] [ 0.76 0.86 1.21 0.94 1.29 0.99 0.80 ]
88 87 5 0 7 [ 42 126 168 210 252 336 ] [ 0.73 0.89 1.24 1.03 1.24 0.91 0.85 ]
87 89 4 0 7 [ 63 168 189 273 294 336 ] [ 0.85 0.91 1.08 1.04 1.01 0.94 0.80 ]
89 87 4 0 7 [ 126 189 273 294 336 357 ] [ 0.60 0.92 1.00 1.02 1.00 0.96 0.77 ]
89 90 3 0 7 [ 63 231 252 294 315 399 ] [ 0.70 0.90 1.25 1.04 1.01 0.80 0.71 ]
90 89 3 0 7 [ 21 105 126 168 273 294 ] [ 0.66 0.91 1.18 0.97 1.25 0.97 0.79 ]
67 89 18 0 7 [ 126 210 273 294 336 357 ] [ 0.78 0.98 1.25 0.98 1.28 0.80 0.69 ]
89 67 18 0 7 [ 42 189 210 231 336 399 ] [ 0.63 0.81 1.26 0.93 1.19 0.95 0.81 ]
65 90 19 0 7 [ 42 63 84 168 210 399 ] [ 0.75 0.87 1.14 0.97 1.10 0.88 0.83 ]
90 65 19 0 7 [ 42 84 189 294 315 336 ] [ 0.64 0.83 1.22 0.99 1.06 0.93 0.77 ]
88 91 4 0 7 [ 105 147 189 210 315 357 ] [ 0.74 1.00 1.18 1.01 1.18 0.85 0.67 ]
91 88 4 0 7 [ 21 147 168 231 252 294 ] [ 0.69 0.80 1.16 1.10 1.08 0.83 0.83 ]
81 91 8 0 7 [ 21 42 189 252 294 315 ] [ 0.80 0.87 1.05 1.09 1.20 0.92 0.77 ]
91 81 8 0 7 [ 42 84 147 168 273 294 ] [ 0.89 0.98 1.09 1.05 1.07 0.85 0.62 ]
83 91 8 0 7 [ 42 168 210 231 252 399 ] [ 0.78 0.94 1.05 0.98 1.28 0.95 0.71 ]
91 83 8 0 7 [ 42 147 168 294 315 378 ] [ 0.88 0.86 1.21 0.99 1.07 0.83 0.75 ]
63 92 8 0 7 [ 63 105 126 210 273 378 ] [ 0.83 0.87 1.17 1.06 1.03 0.94 0.71 ]
92 63 8 0 7 [ 189 210 252 336 357 378 ] [ 0.90 0.85 1.30 0.96 1.12 0.89 0.69 ]
62 92 7 0 7 [ 21 126 168 231 252 399 ] [ 0.77 0.99 1.14 0.97 1.18 0.97 0.70 ]
92 62 7 0 7 [ 168 189 210 252 273 357 ] [ 0.82 0.94 1.28 1.05 1.16 0.86 0.81 ]
92 93 5 0 7 [ 63 126 168 189 315 399 ] [ 0.76 0.86 1.10 1.00 1.18 0.89 0.65 ]
93 92 5 0 7 [ 42 63 84 105 168 252 ] [ 0.68 0.87 1.06 0.98 1.00 0.89 0.81 ]
93 94 14 0 7 [ 21 210 273 294 315 399 ] [ 0.78 0.94 1.29 1.10 1.20 0.86 0.63 ]
94 93 14 0 7 [ 168 231 294 315 336 357 ] [ 0.86 0.91 1.11 1.06 1.23 0.92 0.81 ]
95 98 4 0 7 [ 126 147 189 231 252 399 ] [ 0.81 0.91 1.02 1.06 1.23 1.00 0.73 ]
98 95 4 0 7 [ 42 105 168 252 294 378 ] [ 0.67 1.00 1.17 0.94 1.18 0.83 0.89 ]
96 98 10 0 7 [ 42 84 147 231 273 399 ] [ 0.67 0.80 1.20 1.00 1.22 0.81 0.77 ]
98 96 10 0 7 [ 63 105 168 231 315 336 ] [ 0.76 0.82 1.22 1.01 1.11 0.81 0.77 ]
98 99 9 0 7 [ 147 168 189 294 315 336 ] [ 0.83 0.85 1.07 1.09 1.12 0.83 0.71 ]
99 98 9 0 7 [ 105 168 273 336 378 399 ] [ 0.84 0.91 1.18 1.09 1.03 0.99 0.87 ]
93 99 5 0 7 [ 42 63 84 147 189 399 ] [ 0.71 0.80 1.20 1.06 1.17 0.87 0.69 ]
99 93 5 0 7 [ 84 126 168 189 210 273 ] [ 0.82 0.90 1.29 0.92 1.18 0.87 0.85 ]
93 100 2 0 7 [ 84 189 231 294 315 399 ] [ 0.89 0.89 1.13 0.92 1.20 0.98 0.89 ]
100 93 2 0 7 [ 42 168 210 336 357 399 ] [ 0.76 0.95 1.05 0.92 1.10 0.81 0.85 ]
65 100 8 0 7 [ 21 147 210 252 336 378 ] [ 0.75 0.94 1.17 1.05 1.02 0.93 0.72 ]
100 65 8 0 7 [ 42 84 105 189 231 336 ] [ 0.67 0.98 1.27 0.98 1.08 0.90 0.81 ]
100 101 5 0 7 [ 168 231 252 315 336 399 ] [ 0.86 0.81 1.28 1.04 1.26 0.83 0.89 ]
101 100 5 0 7 [ 63 105 168 294 315 378 ] [ 0.90 0.97 1.13 1.00 1.10 0.88 0.84 ]
101 102 12 0 7 [ 42 105 126 147 189 378 ] [ 0.75 0.93 1.00 0.97 1.14 1.00 0.78 ]
102 101 12 0 7 [ 42 63 168 231 294 336 ] [ 0.85 0.94 1.19 1.00 1.12 0.92 0.61 ]
90 102 8 0 7 [ 42 126 189 210 294 336 ] [ 0.82 0.95 1.23 0.97 1.18 0.94 0.61 ]
102 90 8 0 7 [ 21 42 63 126 252 378 ] [ 0.88 0.92 1.25 0.98 1.11 0.95 0.84 ]
105 107 11 0 7 [ 42 63 105 147 231 399 ] [ 0.88 0.99 1.21 1.07 1.08 0.91 0.83 ]
107 105 11 0 7 [ 63 84 252 294 357 378 ] [ 0.63 0.84 1.06 0.92 1.23 0.90 0.61 ]
102 112 13 0 7 [ 42 147 315 336 378 399 ] [ 0.85 0.99 1.02 1.03 1.02 0.98 0.79 ]
112 102 13 0 7 [ 63 105 231 252 336 399 ] [ 0.88 0.88 1.27 1.08 1.29 0.88 0.71 ]
113 114 10 0 7 [ 42 84 210 294 336 378 ] [ 0.77 0.85 1.01 1.06 1.30 0.99 0.64 ]
114 113 10 0 7 [ 84 147 189 210 252 273 ] [ 0.90 0.98 1.10 1.07 1.01 0.84 0.81 ]
114 115 4 0 7 [ 63 84 210 294 315 336 ] [ 0.87 0.82 1.23 1.03 1.21 0.96 0.63 ]
115 114 4 0 7 [ 63 105 126 189 231 378 ] [ 0.62 0.97 1.02 1.10 1.22 0.83 0.62 ]
114 116 6 0 7 [ 21 105 210 231 252 294 ] [ 0.68 0.90 1.10 1.05 1.27 0.99 0.85 ]
116 114 6 0 7 [ 42 84 189 252 294 378 ] [ 0.86 0.81 1.30 1.04 1.19 0.99 0.80 ]
116 117 14 0 7 [ 84 168 273 294 315 399 ] [ 0.67 0.92 1.24 0.94 1.23 0.90 0.77 ]
117 116 14 0 7 [ 42 84 126 147 315 336 ] [ 0.88 0.80 1.06 1.10 1.22 0.87 0.76 ]
118 119 5 0 7 [ 105 210 252 294 378 399 ] [ 0.61 0.96 1.10 1.05 1.20 0.99 0.61 ]
119 118 5 0 7 [ 42 84 105 210 252 336 ] [ 0.70 0.98 1.24 0.91 1.03 0.94 0.79 ]
90 117 10 0 7 [ 105 126 168 189 210 294 ] [ 0.64 0.80 1.19 1.07 1.25 0.99 0.74 ]
117 90 10 0 7 [ 63 105 168 189 336 378 ] [ 0.89 0.81 1.27 1.09 1.04 0.90 0.78 ]
117 120 5 0 7 [ 63 84 105 147 210 231 ] [ 0.87 1.00 1.20 0.94 1.01 0.90 0.63 ]
120 117 5 0 7 [ 42 231 252 294 357 399 ] [ 0.71 0.95 1.16 1.00 1.30 1.00 0.66 ]
119 120 5 0 7 [ 42 84 168 315 378 399 ] [ 0.64 0.91 1.08 0.91 1.16 0.94 0.90 ]
120 119 5 0 7 [ 21 84 147 231 294 357 ] [ 0.83 0.89 1.01 0.93 1.16 0.85 0.77 ]
120 121 3 0 7 [ 126 210 336 357 378 399 ] [ 0.80 0.88 1.20 0.91 1.04 0.91 0.69 ]
121 120 3 0 7 [ 21 84 210 336 357 378 ] [ 0.61 0.87 1.24 1.09 1.09 0.98 0.61 ]
86 121 5 0 7 [ 42 84 147 189 231 336 ] [ 0.88 0.80 1.08 1.03 1.17 0.86 0.78 ]
121 86 5 0 7 [ 42 63 231 273 294 357 ] [ 0.75 0.86 1.29 1.09 1.21 0.92 0.67 ]
121 122 5 0 7 [ 21 84 105 126 189 252 ] [ 0.66 0.87 1.18 1.10 1.06 0.88 0.63 ]
122 121 5 0 7 [ 42 63 189 210 294 399 ] [ 0.71 0.94 1.16 0.97 1.06 0.85 0.89 ]
122 123 8 0 7 [ 63 105 189 231 252 357 ] [ 0.71 0.89 1.27 0.92 1.17 0.85 0.63 ]
123 122 8 0 7 [ 63 105 147 210 315 378 ] [ 0.76 0.80 1.08 0.90 1.09 0.81 0.76 ]
119 122 9 0 7 [ 63 84 147 210 231 399 ] [ 0.67 0.88 1.15 1.09 1.18 0.93 0.74 ]
122 119 9 0 7 [ 42 84 168 210 294 378 ] [ 0.62 0.98 1.27 0.93 1.18 0.94 0.62 ]
122 124 9 0 7 [ 63 105 147 168 231 252 ] [ 0.71 0.92 1.02 1.02 1.05 0.82 0.69 ]
124 122 9 0 7 [ 21 210 273 294 378 399 ] [ 0.67 0.94 1.27 1.08 1.15 0.90 0.78 ]
3 123 18 0 7 [ 21 168 189 231 252 273 ] [ 0.87 0.98 1.07 1.07 1.24 0.99 0.72 ]
123 3 18 0 7 [ 84 105 147 168 210 399 ] [ 0.82 0.84 1.19 0.98 1.01 0.84 0.69 ]
125 126 5 0 7 [ 21 42 126 189 273 378 ] [ 0.89 0.94 1.21 0.99 1.21 0.83 0.75 ]
126 125 5 0 7 [ 63 84 126 168 315 357 ] [ 0.85 0.99 1.26 1.00 1.10 0.84 0.79 ]
126 127 7 0 7 [ 21 84 126 210 231 273 ] [ 0.88 0.97 1.04 1.05 1.20 0.92 0.61 ]
127 126 7 0 7 [ 126 147 210 273 315 357 ] [ 0.82 0.87 1.02 1.03 1.05 0.83 0.63 ]
2 127 12 0 7 [ 105 147 168 252 336 399 ] [ 0.69 0.91 1.15 0.91 1.05 0.97 0.63 ]
127 2 12 0 7 [ 21 63 84 126 147 231 ] [ 0.79 0.94 1.27 1.09 1.24 0.84 0.85 ]
127 128 7 0 7 [ 42 189 210 231 273 378 ] [ 0.84 0.91 1.10 1.04 1.03 0.97 0.64 ]
128 127 7 0 7 [ 147 210 231 252 336 357 ] [ 0.72 0.91 1.22 1.08 1.11 0.96 0.83 ]
126 128 4 0 7 [ 126 168 210 252 336 357 ] [ 0.71 0.93 1.10 0.95 1.04 0.84 0.80 ]
128 126 4 0 7 [ 84 126 168 189 273 294 ] [ 0.82 0.80 1.25 1.06 1.11 0.84 0.76 ]
125 130 8 0 7 [ 42 210 252 273 315 378 ] [ 0.64 0.98 1.14 1.04 1.17 0.87 0.70 ]
130 125 8 0 7 [ 105 147 210 231 273 336 ] [ 0.60 0.94 1.05 0.98 1.21 0.89 0.83 ]
130 131 2 0 7 [ 21 126 210 231 315 357 ] [ 0.77 0.84 1.28 1.10 1.12 0.82 0.83 ]
131 130 2 0 7 [ 21 63 147 168 273 378 ] [ 0.69 0.82 1.30 0.90 1.06 0.88 0.70 ]
131 132 3 0 7 [ 126 147 210 336 357 378 ] [ 0.81 0.92 1.10 0.96 1.14 0.96 0.79 ]
132 131 3 0 7 [ 21 126 252 273 315 336 ] [ 0.74 0.98 1.21 1.04 1.05 0.86 0.67 ]
132 133 4 0 7 [ 42 63 189 210 231 336 ] [ 0.79 0.95 1.22 1.01 1.10 0.96 0.69 ]
133 132 4 0 7 [ 84 210 252 273 294 315 ] [ 0.89 0.81 1.29 0.98 1.27 0.80 0.66 ]
132 134 6 0 7 [ 21 63 84 105 147 252 ] [ 0.84 0.84 1.20 1.07 1.14 0.95 0.73 ]
134 132 6 0 7 [ 126 189 252 273 315 378 ] [ 0.78 0.81 1.09 0.95 1.18 0.91 0.65 ]
133 134 5 0 7 [ 42 63 126 147 294 336 ] [ 0.73 0.83 1.17 1.00 1.13 0.97 0.68 ]
134 133 5 0 7 [ 21 84 126 315 336 399 ] [ 0.71 0.96 1.18 0.92 1.11 0.97 0.74 ]
133 135 9 0 7 [ 42 63 126 168 231 399 ] [ 0.87 0.94 1.11 0.93 1.01 0.85 0.65 ]
135 133 9 0 7 [ 42 126 210 273 336 357 ] [ 0.76 0.93 1.18 0.92 1.26 0.86 0.83 ]
135 136 8 0 7 [ 168 231 252 336 357 378 ] [ 0.78 0.83 1.17 1.03 1.21 0.85 0.62 ]
136 135 8 0 7 [ 42 84 168 189 378 399 ] [ 0.72 0.84 1.12 1.03 1.26 0.80 0.77 ]
135 137 2 0 7 [ 21 105 189 252 273 357 ] [ 0.64 0.93 1.07 0.95 1.11 0.90 0.71 ]
137 135 2 0 7 [ 42 84 105 210 357 399 ] [ 0.80 0.83 1.09 0.93 1.27 0.98 0.77 ]
130 137 13 0 7 [ 42 126 231 294 315 399 ] [ 0.64 0.87 1.06 0.91 1.13 0.91 0.62 ]
137 130 13 0 7 [ 63 189 273 315 357 399 ] [ 0.67 0.89 1.28 1.04 1.02 0.91 0.73 ]
124 137 6 0 7 [ 189 210 252 294 336 399 ] [ 0.75 0.90 1.09 1.01 1.17 0.84 0.81 ]
137 124 6 0 7 [ 21 126 168 231 294 378 ] [ 0.70 0.87 1.27 1.04 1.18 0.91 0.60 ]
53 139 6 0 7 [ 21 63 105 168 231 357 ] [ 0.89 0.85 1.26 0.99 1.17 0.80 0.88 ]
139 53 6 0 7 [ 126 168 189 210 273 357 ] [ 0.76 0.86 1.17 0.96 1.05 0.89 0.70 ]
57 69 4 0 7 [ 21 147 168 252 273 315 ] [ 0.66 0.94 1.27 0.90 1.08 0.95 0.68 ]
69 57 4 0 7 [ 84 231 273 294 357 378 ] [ 0.67 0.87 1.23 1.09 1.12 0.84 0.87 ]
