NAME : egl-s3-B
VERTICES : 140
EDG_REQ : 159
EDG_NONREQ : 31
VEHICLES : 22
CAPACITY : 160
DEPOT : 0
STARTTIME : 0
ENDTIME : 420
SERVICE_SPEED_FACTOR : 0.70
[NETWORK_DATA]
4 5 7 26 7 [ 42 63 189 231 294 336 ] [ 0.42 0.63 1.41 0.93 1.10 0.94 0.67 ]
5 4 7 26 7 [ 21 147 294 357 378 399 ] [ 0.54 0.79 1.36 1.00 1.58 0.61 0.45 ]
5 7 3 10 7 [ 63 168 189 273 336 378 ] [ 0.66 0.98 1.56 1.30 1.37 0.82 0.56 ]
7 5 3 10 7 [ 84 147 252 315 357 378 ] [ 0.64 0.75 1.24 0.93 1.19 0.61 0.49 ]
7 8 10 37 7 [ 189 231 273 294 336 399 ] [ 0.53 0.77 1.12 1.02 1.25 0.61 0.42 ]
8 7 10 37 7 [ 63 105 126 147 231 252 ] [ 0.65 0.95 1.45 0.97 1.02 0.72 0.62 ]
7 10 12 48 7 [ 21 63 84 252 336 357 ] [ 0.41 0.69 1.01 1.25 1.13 0.96 0.58 ]
10 7 12 48 7 [ 42 105 126 189 315 357 ] [ 0.51 0.83 1.33 1.18 1.57 0.62 0.64 ]
10 11 7 25 7 [ 21 84 231 273 336 378 ] [ 0.58 0.69 1.36 0.97 1.45 0.80 0.62 ]
11 10 7 25 7 [ 168 210 252 294 315 357 ] [ 0.65 0.99 1.13 1.04 1.32 0.78 0.51 ]
11 12 4 12 7 [ 84 126 147 189 231 378 ] [ 0.66 0.98 1.18 1.30 1.28 0.77 0.60 ]
12 11 4 12 7 [ 21 63 231 273 357 399 ] [ 0.52 0.81 1.52 1.13 1.47 0.97 0.57 ]
12 13 5 18 7 [ 42 105 147 168 189 273 ] [ 0.53 0.62 1.57 1.22 1.18 0.76 0.65 ]
13 12 5 18 7 [ 21 42 63 147 231 315 ] [ 0.57 0.74 1.47 0.89 1.50 0.90 0.48 ]
9 14 4 13 7 [ 84 147 189 252 315 336 ] [ 0.49 0.87 1.05 1.11 1.46 0.88 0.58 ]
14 9 4 13 7 [ 63 189 231 252 294 399 ] [ 0.53 0.95 1.24 0.85 1.60 0.82 0.60 ]
14 15 3 8 7 [ 42 63 84 189 294 357 ] [ 0.43 0.87 1.47 0.87 1.18 0.89 0.65 ]
15 14 3 8 7 [ 126 189 231 252 273 399 ] [ 0.61 0.82 1.38 0.76 1.00 0.97 0.49 ]
14 16 4 13 7 [ 42 63 84 105 294 315 ] [ 0.64 0.82 1.17 1.21 1.26 0.61 0.68 ]
16 14 4 13 7 [ 21 63 105 210 315 357 ] [ 0.59 0.73 1.02 1.25 1.46 0.63 0.64 ]
12 16 2 6 7 [ 84 210 231 294 357 378 ] [ 0.68 0.78 1.54 0.97 1.06 0.87 0.43 ]
16 12 2 6 7 [ 21 105 189 315 336 357 ] [ 0.57 0.88 1.44 0.74 1.08 0.65 0.69 ]
12 15 4 12 7 [ 42 105 126 294 378 399 ] [ 0.55 1.00 1.32 1.16 1.41 0.69 0.54 ]
15 12 4 12 7 [ 105 126 189 231 252 315 ] [ 0.41 0.66 1.46 0.83 1.23 0.92 0.51 ]
16 17 3 8 7 [ 147 189 231 252 294 315 ] [ 0.48 0.69 1.16 1.15 1.33 0.82 0.61 ]
17 16 3 8 7 [ 42 63 168 189 252 294 ] [ 0.45 0.88 1.05 1.07 1.04 0.74 0.52 ]
9 18 8 28 7 [ 42 84 189 231 294 315 ] [ 0.43 0.99 1.53 0.92 1.03 0.63 0.55 ]
18 9 8 28 7 [ 42 126 168 231 315 399 ] [ 0.53 0.65 1.22 1.14 1.36 0.78 0.59 ]
11 19 9 34 7 [ 42 126 315 336 378 399 ] [ 0.67 0.70 1.55 0.96 1.06 0.91 0.65 ]
19 11 9 34 7 [ 42 84 105 252 315 399 ] [ 0.67 0.82 1.02 1.23 1.17 0.76 0.69 ]
19 20 15 58 7 [ 21 63 168 210 357 378 ] [ 0.53 0.62 1.58 0.91 1.20 0.67 0.48 ]
20 19 15 58 7 [ 21 42 168 210 336 378 ] [ 0.50 0.79 1.58 1.20 1.49 0.86 0.69 ]
19 21 3 10 7 [ 105 273 294 315 336 399 ] [ 0.57 0.82 1.22 0.82 1.00 0.69 0.54 ]
21 19 3 10 7 [ 42 63 105 147 315 378 ] [ 0.64 0.70 1.34 1.28 1.35 0.84 0.65 ]
19 23 9 33 7 [ 42 63 147 168 210 378 ] [ 0.55 0.89 1.50 0.73 1.60 0.61 0.61 ]
23 19 9 33 7 [ 21 168 231 252 315 378 ] [ 0.49 0.60 1.22 0.79 1.02 0.98 0.49 ]
22 23 14 56 7 [ 126 210 315 336 357 399 ] [ 0.59 0.75 1.15 1.19 1.21 0.84 0.55 ]
23 22 14 56 7 [ 21 42 189 273 294 336 ] [ 0.55 0.65 1.06 1.06 1.59 0.89 0.53 ]
23 24 3 10 7 [ 63 105 147 210 231 252 ] [ 0.69 0.97 1.47 1.10 1.40 0.98 0.46 ]
24 23 3 10 7 [ 63 126 168 252 273 399 ] [ 0.62 0.92 1.18 1.15 1.43 0.71 0.56 ]
24 25 12 48 7 [ 42 84 126 147 315 378 ] [ 0.48 0.65 1.16 0.90 1.39 0.67 0.45 ]
25 24 12 48 7 [ 126 147 168 252 294 315 ] [ 0.42 0.66 1.25 0.77 1.31 0.96 0.42 ]
24 26 6 19 7 [ 21 42 63 126 189 210 ] [ 0.41 0.61 1.21 1.29 1.18 0.84 0.50 ]
26 24 6 19 7 [ 42 126 231 252 294 378 ] [ 0.43 0.75 1.06 1.01 1.44 0.90 0.61 ]
26 27 2 6 7 [ 63 105 189 294 336 378 ] [ 0.52 0.67 1.24 1.09 1.14 0.72 0.60 ]
27 26 2 6 7 [ 42 84 105 189 231 378 ] [ 0.60 0.78 1.30 1.20 1.60 0.90 0.45 ]
27 28 2 5 7 [ 126 168 189 231 357 399 ] [ 0.45 0.83 1.27 1.10 1.31 0.62 0.48 ]
28 27 2 5 7 [ 63 84 126 147 210 273 ] [ 0.42 0.82 1.04 0.74 1.60 0.69 0.45 ]
27 29 2 5 7 [ 21 84 168 231 315 399 ] [ 0.46 0.90 1.37 1.00 1.20 0.78 0.68 ]
29 27 2 5 7 [ 21 105 168 210 252 294 ] [ 0.59 0.84 1.48 0.72 1.21 0.81 0.69 ]
29 30 11 41 7 [ 42 63 84 189 210 273 ] [ 0.55 0.94 1.08 0.81 1.55 0.77 0.46 ]
30 29 11 41 7 [ 147 189 210 231 252 357 ] [ 0.63 0.94 1.55 1.08 1.21 0.71 0.48 ]
29 31 8 28 7 [ 42 105 126 147 336 378 ] [ 0.50 0.74 1.22 0.75 1.14 0.84 0.58 ]
31 29 8 28 7 [ 105 126 147 168 189 231 ] [ 0.54 0.64 1.27 0.98 1.45 0.74 0.50 ]
28 32 13 52 7 [ 21 210 273 315 336 399 ] [ 0.63 0.67 1.09 1.06 1.32 0.72 0.48 ]
32 28 13 52 7 [ 63 147 168 294 357 378 ] [ 0.56 0.88 1.54 1.14 1.49 0.84 0.40 ]
10 32 7 24 7 [ 84 105 147 189 294 399 ] [ 0.46 0.81 1.44 0.90 1.54 0.73 0.45 ]
32 10 7 24 7 [ 63 147 168 189 210 273 ] [ 0.48 0.64 1.02 0.83 1.30 0.92 0.52 ]
33 138 13 49 7 [ 21 42 147 168 252 315 ] [ 0.41 0.90 1.57 1.02 1.23 0.71 0.69 ]
138 33 13 49 7 [ 105 147 210 231 357 399 ] [ 0.67 0.92 1.55 0.92 1.44 0.90 0.68 ]
33 34 15 59 7 [ 21 84 105 168 252 294 ] [ 0.45 0.99 1.12 1.17 1.15 0.61 0.50 ]
34 33 15 59 7 [ 42 126 168 294 315 399 ] [ 0.46 0.92 1.30 1.09 1.35 0.73 0.69 ]
34 35 2 4 7 [ 63 126 168 210 336 399 ] [ 0.56 0.71 1.34 0.96 1.44 0.68 0.45 ]
35 34 2 4 7 [ 42 105 126 147 168 357 ] [ 0.67 0.97 1.42 1.29 1.19 0.63 0.53 ]
34 36 5 17 7 [ 105 189 273 294 336 357 ] [ 0.53 0.74 1.26 0.92 1.19 0.84 0.64 ]
36 34 5 17 7 [ 21 126 210 231 252 294 ] [ 0.60 0.62 1.12 1.01 1.28 0.99 0.47 ]
35 36 6 20 7 [ 21 126 168 294 315 399 ] [ 0.47 0.68 1.14 1.17 1.38 0.73 0.46 ]
36 35 6 20 7 [ 42 126 168 336 378 399 ] [ 0.60 0.91 1.10 0.81 1.15 0.69 0.55 ]
35 37 7 25 7 [ 105 126 252 294 357 378 ] [ 0.42 0.90 1.38 1.09 1.21 0.95 0.61 ]
37 35 7 25 7 [ 105 147 210 231 273 336 ] [ 0.47 0.73 1.08 1.24 1.48 0.63 0.64 ]
37 38 2 6 7 [ 63 147 231 252 378 399 ] [ 0.70 0.65 1.29 0.87 1.30 0.83 0.53 ]
38 37 2 6 7 [ 21 63 147 231 357 399 ] [ 0.51 0.79 1.36 1.23 1.26 0.83 0.49 ]
38 39 5 18 7 [ 42 63 105 147 378 399 ] [ 0.65 0.67 1.30 0.99 1.18 0.66 0.62 ]
39 38 5 18 7 [ 21 84 126 231 294 378 ] [ 0.70 0.98 1.57 1.26 1.37 0.90 0.43 ]
39 40 4 12 7 [ 21 42 168 189 252 273 ] [ 0.58 0.67 1.24 1.27 1.36 0.92 0.54 ]
40 39 4 12 7 [ 21 147 210 273 294 378 ] [ 0.46 0.84 1.32 0.95 1.34 0.89 0.67 ]
37 40 3 10 7 [ 21 42 189 252 273 378 ] [ 0.68 0.91 1.14 0.80 1.39 0.68 0.67 ]
40 37 3 10 7 [ 126 168 294 315 336 378 ] [ 0.54 0.91 1.21 0.87 1.28 0.71 0.41 ]
40 46 25 99 7 [ 21 189 210 294 336 399 ] [ 0.55 0.83 1.31 1.04 1.18 0.76 0.42 ]
46 40 25 99 7 [ 21 84 210 252 273 315 ] [ 0.60 0.90 1.19 1.19 1.28 0.68 0.63 ]
36 41 5 17 7 [ 21 63 252 294 315 336 ] [ 0.55 0.84 1.47 1.09 1.10 0.96 0.68 ]
41 36 5 17 7 [ 21 42 252 294 357 399 ] [ 0.56 0.65 1.49 0.74 1.02 0.82 0.65 ]
41 42 2 5 7 [ 252 273 315 357 378 399 ] [ 0.43 0.87 1.05 1.09 1.16 0.64 0.52 ]
42 41 2 5 7 [ 63 84 105 147 273 336 ] [ 0.47 0.87 1.16 0.94 1.54 0.84 0.60 ]
36 42 5 16 7 [ 42 189 273 294 357 399 ] [ 0.54 0.84 1.45 1.24 1.57 0.65 0.58 ]
42 36 5 16 7 [ 21 105 189 315 336 357 ] [ 0.50 0.95 1.54 0.83 1.26 0.72 0.60 ]
42 43 8 31 7 [ 84 126 189 273 294 315 ] [ 0.66 0.88 1.45 0.89 1.46 0.81 0.62 ]
43 42 8 31 7 [ 42 63 84 147 210 294 ] [ 0.53 0.76 1.29 0.74 1.55 0.90 0.42 ]
43 44 4 14 7 [ 63 84 168 210 252 294 ] [ 0.60 0.65 1.24 0.83 1.02 0.68 0.43 ]
44 43 4 14 7 [ 42 126 273 294 357 399 ] [ 0.62 0.85 1.46 1.14 1.11 0.79 0.49 ]
33 44 2 4 7 [ 105 126 189 210 378 399 ] [ 0.52 0.97 1.48 1.29 1.18 0.93 0.46 ]
44 33 2 4 7 [ 105 126 189 273 336 378 ] [ 0.59 0.96 1.52 1.01 1.03 0.87 0.42 ]
41 46 2 4 7 [ 42 105 210 273 294 399 ] [ 0.45 0.65 1.36 0.94 1.55 0.85 0.51 ]
46 41 2 4 7 [ 42 84 210 252 336 399 ] [ 0.64 0.99 1.60 1.11 1.47 0.78 0.43 ]
45 46 3 7 7 [ 42 252 273 315 378 399 ] [ 0.46 0.74 1.51 1.25 1.31 0.65 0.66 ]
46 45 3 7 7 [ 42 126 147 294 315 357 ] [ 0.51 0.93 1.38 0.88 1.21 1.00 0.40 ]
42 45 2 5 7 [ 42 105 168 252 273 336 ] [ 0.53 0.90 1.14 1.08 1.13 0.67 0.66 ]
45 42 2 5 7 [ 189 210 231 336 378 399 ] [ 0.56 0.65 1.60 1.13 1.26 0.73 0.42 ]
32 138 4 13 7 [ 168 189 231 252 294 357 ] [ 0.45 0.76 1.07 1.12 1.36 0.86 0.60 ]
138 32 4 13 7 [ 21 63 84 315 357 399 ] [ 0.49 0.89 1.20 1.07 1.14 0.76 0.66 ]
47 48 3 10 7 [ 84 273 315 357 378 399 ] [ 0.54 0.73 1.12 1.17 1.37 0.90 0.69 ]
48 47 3 10 7 [ 126 147 210 294 378 399 ] [ 0.63 0.98 1.01 0.74 1.15 0.74 0.66 ]
47 49 3 8 7 [ 63 84 147 336 378 399 ] [ 0.49 0.69 1.13 1.11 1.31 0.99 0.54 ]
49 47 3 8 7 [ 63 168 252 294 357 399 ] [ 0.66 0.80 1.17 0.90 1.14 0.64 0.66 ]
49 50 8 30 7 [ 42 168 273 315 336 357 ] [ 0.47 0.75 1.48 1.29 1.01 0.70 0.44 ]
50 49 8 30 7 [ 42 63 126 231 294 336 ] [ 0.66 0.76 1.54 0.88 1.20 0.62 0.61 ]
50 51 4 12 7 [ 21 84 126 168 189 315 ] [ 0.59 0.72 1.16 1.06 1.19 0.96 0.51 ]
51 50 4 12 7 [ 21 42 105 210 378 399 ] [ 0.40 0.79 1.38 1.04 1.39 0.69 0.68 ]
51 52 4 12 7 [ 42 63 147 168 294 336 ] [ 0.67 0.93 1.47 1.16 1.10 0.85 0.48 ]
52 51 4 12 7 [ 21 63 147 357 378 399 ] [ 0.67 0.60 1.53 0.72 1.13 0.85 0.67 ]
52 139 7 24 7 [ 126 210 231 273 294 336 ] [ 0.46 1.00 1.26 0.76 1.20 0.68 0.55 ]
139 52 7 24 7 [ 84 147 252 315 336 399 ] [ 0.43 0.98 1.14 0.78 1.13 0.65 0.47 ]
48 139 7 24 7 [ 42 105 189 210 315 357 ] [ 0.41 0.86 1.60 0.71 1.11 0.80 0.46 ]
139 48 7 24 7 [ 42 126 189 252 294 336 ] [ 0.55 0.88 1.47 1.16 1.42 0.62 0.60 ]
53 54 3 10 7 [ 105 168 189 210 231 294 ] [ 0.65 0.84 1.48 0.84 1.15 0.78 0.51 ]
54 53 3 10 7 [ 105 189 252 357 378 399 ] [ 0.41 0.75 1.21 1.09 1.11 0.93 0.50 ]
54 55 2 4 7 [ 21 63 105 210 294 378 ] [ 0.56 0.68 1.27 1.16 1.04 0.65 0.47 ]
55 54 2 4 7 [ 105 126 147 273 294 336 ] [ 0.45 0.61 1.21 1.17 1.60 0.87 0.69 ]
55 56 13 49 7 [ 84 168 294 336 378 399 ] [ 0.45 0.65 1.36 1.02 1.14 0.73 0.49 ]
56 55 13 49 7 [ 63 126 210 252 294 315 ] [ 0.63 0.99 1.52 0.81 1.49 0.98 0.66 ]
56 57 6 20 7 [ 63 105 147 315 357 399 ] [ 0.51 0.84 1.13 0.72 1.04 0.84 0.58 ]
57 56 6 20 7 [ 21 42 63 231 273 399 ] [ 0.46 0.82 1.28 0.96 1.57 0.71 0.64 ]
57 58 11 40 7 [ 105 252 294 336 357 378 ] [ 0.70 0.73 1.55 0.91 1.32 0.61 0.53 ]
58 57 11 40 7 [ 105 168 273 336 357 378 ] [ 0.41 0.63 1.31 1.24 1.32 0.74 0.67 ]
58 59 5 18 7 [ 21 42 147 231 252 399 ] [ 0.66 0.83 1.56 1.06 1.13 0.71 0.42 ]
59 58 5 18 7 [ 126 147 168 231 336 357 ] [ 0.52 0.66 1.03 1.18 1.34 0.86 0.55 ]
44 59 5 15 7 [ 21 84 189 273 315 336 ] [ 0.59 0.87 1.48 0.84 1.24 0.91 0.65 ]
59 44 5 15 7 [ 42 105 147 210 252 336 ] [ 0.65 0.85 1.29 0.73 1.03 0.86 0.67 ]
59 60 9 35 7 [ 42 105 126 147 252 273 ] [ 0.60 0.79 1.25 1.24 1.16 0.61 0.46 ]
60 59 9 35 7 [ 105 147 168 231 315 357 ] [ 0.61 0.60 1.21 0.95 1.08 0.91 0.51 ]
58 60 8 31 7 [ 105 147 189 210 294 357 ] [ 0.60 0.99 1.15 1.07 1.46 0.65 0.47 ]
60 58 8 31 7 [ 42 84 105 168 210 252 ] [ 0.63 0.92 1.15 0.89 1.41 0.79 0.43 ]
48 60 4 13 7 [ 42 84 105 126 168 399 ] [ 0.58 0.99 1.27 0.96 1.26 0.79 0.66 ]
60 48 4 13 7 [ 63 147 189 231 357 378 ] [ 0.44 0.70 1.07 0.86 1.41 0.76 0.45 ]
56 61 4 14 7 [ 42 147 189 210 336 399 ] [ 0.56 0.87 1.34 1.01 1.25 0.96 0.57 ]
61 56 4 14 7 [ 63 147 168 252 315 336 ] [ 0.60 0.69 1.21 0.97 1.38 0.99 0.62 ]
61 62 3 7 7 [ 147 252 273 294 336 378 ] [ 0.59 0.68 1.25 1.29 1.38 0.87 0.51 ]
62 61 3 7 7 [ 21 63 105 189 210 231 ] [ 0.43 0.87 1.56 1.15 1.23 0.64 0.69 ]
62 63 3 9 7 [ 63 168 231 294 357 378 ] [ 0.69 0.84 1.19 1.21 1.29 0.72 0.43 ]
63 62 3 9 7 [ 21 42 147 189 231 399 ] [ 0.69 0.98 1.05 1.14 1.50 0.92 0.50 ]
63 64 5 15 7 [ 42 63 105 315 336 399 ] [ 0.59 0.73 1.51 1.14 1.12 0.66 0.60 ]
64 63 5 15 7 [ 42 147 168 315 336 357 ] [ 0.62 0.96 1.45 1.19 1.07 0.75 0.58 ]
61 65 10 37 7 [ 168 210 252 273 294 357 ] [ 0.54 0.92 1.40 1.01 1.12 0.60 0.50 ]
65 61 10 37 7 [ 126 168 231 294 315 357 ] [ 0.52 0.89 1.51 0.81 1.37 0.67 0.51 ]
65 66 9 33 7 [ 84 231 252 315 336 357 ] [ 0.44 0.75 1.17 1.09 1.49 0.84 0.70 ]
66 65 9 33 7 [ 21 63 126 168 252 336 ] [ 0.52 0.90 1.42 0.88 1.02 1.00 0.52 ]
66 67 3 9 7 [ 21 63 252 273 315 378 ] [ 0.53 0.86 1.14 0.78 1.09 0.84 0.55 ]
67 66 3 9 7 [ 21 63 273 294 357 399 ] [ 0.52 0.73 1.58 0.73 1.09 0.94 0.44 ]
66 68 2 4 7 [ 42 147 189 273 357 399 ] [ 0.41 0.96 1.08 0.82 1.13 0.69 0.51 ]
68 66 2 4 7 [ 21 63 105 147 273 399 ] [ 0.45 0.91 1.01 0.97 1.12 0.74 0.67 ]
68 69 3 8 7 [ 21 126 147 189 378 399 ] [ 0.60 0.82 1.55 1.19 1.31 0.78 0.44 ]
69 68 3 8 7 [ 168 210 273 294 378 399 ] [ 0.42 0.88 1.02 1.05 1.37 0.72 0.58 ]
69 70 3 9 7 [ 42 189 231 336 378 399 ] [ 0.63 0.96 1.42 0.94 1.12 0.91 0.60 ]
70 69 3 9 7 [ 21 84 168 252 378 399 ] [ 0.65 0.67 1.18 0.95 1.52 0.90 0.46 ]
68 70 2 6 7 [ 21 126 147 168 273 336 ] [ 0.63 0.74 1.20 0.77 1.47 0.99 0.63 ]
70 68 2 6 7 [ 21 168 210 273 294 357 ] [ 0.69 0.72 1.08 1.00 1.44 0.71 0.54 ]
70 71 3 9 7 [ 42 147 210 231 357 399 ] [ 0.65 0.61 1.56 1.24 1.51 0.75 0.64 ]
71 70 3 9 7 [ 21 42 147 189 294 399 ] [ 0.69 0.83 1.24 0.72 1.48 0.75 0.52 ]
71 72 5 18 7 [ 105 126 168 231 273 294 ] [ 0.51 0.85 1.08 1.08 1.27 0.91 0.50 ]
72 71 5 18 7 [ 21 105 168 294 336 399 ] [ 0.42 0.67 1.37 1.28 1.45 0.76 0.42 ]
71 73 5 15 7 [ 42 105 147 210 252 357 ] [ 0.59 0.88 1.05 1.11 1.58 0.74 0.66 ]
73 71 5 15 7 [ 21 126 210 252 357 399 ] [ 0.60 0.85 1.16 1.17 1.12 0.99 0.46 ]
72 73 2 5 7 [ 105 126 168 189 231 399 ] [ 0.49 0.72 1.46 0.95 1.49 0.83 0.70 ]
73 72 2 5 7 [ 21 105 147 189 231 336 ] [ 0.42 0.71 1.16 1.09 1.11 0.82 0.50 ]
43 72 10 36 7 [ 105 126 147 168 252 336 ] [ 0.55 0.65 1.12 0.97 1.01 0.82 0.43 ]
72 43 10 36 7 [ 21 63 126 252 273 357 ] [ 0.58 0.86 1.10 1.13 1.44 0.64 0.55 ]
70 74 10 36 7 [ 147 231 252 273 357 399 ] [ 0.56 0.62 1.30 0.73 1.51 0.85 0.55 ]
74 70 10 36 7 [ 21 42 105 126 252 294 ] [ 0.61 0.86 1.54 0.78 1.20 0.83 0.42 ]
74 75 12 47 7 [ 42 126 189 210 336 378 ] [ 0.69 0.79 1.16 0.73 1.41 0.84 0.51 ]
75 74 12 47 7 [ 21 42 63 273 357 399 ] [ 0.61 0.95 1.29 1.08 1.28 0.77 0.61 ]
73 75 7 27 7 [ 63 147 168 294 357 378 ] [ 0.59 0.80 1.00 1.19 1.23 0.99 0.69 ]
75 73 7 27 7 [ 42 126 147 189 231 273 ] [ 0.63 0.77 1.00 0.84 1.51 0.62 0.53 ]
75 76 3 10 7 [ 84 168 315 336 378 399 ] [ 0.49 0.83 1.03 1.29 1.22 0.74 0.60 ]
76 75 3 10 7 [ 63 210 273 315 336 357 ] [ 0.53 0.99 1.42 1.16 1.01 0.83 0.64 ]
45 76 5 16 7 [ 21 168 189 294 336 357 ] [ 0.51 0.91 1.29 0.86 1.00 0.76 0.42 ]
76 45 5 16 7 [ 84 147 189 210 231 399 ] [ 0.50 0.77 1.36 0.73 1.12 0.62 0.51 ]
76 77 5 15 7 [ 63 84 168 231 252 357 ] [ 0.68 0.82 1.50 1.17 1.15 0.62 0.61 ]
77 76 5 15 7 [ 84 168 210 273 378 399 ] [ 0.49 0.76 1.34 1.09 1.36 0.96 0.55 ]
77 78 4 12 7 [ 21 84 105 210 252 315 ] [ 0.64 0.71 1.42 0.87 1.39 0.95 0.42 ]
78 77 4 12 7 [ 84 189 252 294 357 378 ] [ 0.41 0.90 1.32 1.18 1.03 0.64 0.51 ]
78 79 4 12 7 [ 84 189 210 273 294 336 ] [ 0.47 0.84 1.27 0.86 1.31 0.74 0.49 ]
79 78 4 12 7 [ 84 147 168 231 252 273 ] [ 0.62 0.91 1.52 1.13 1.38 0.97 0.46 ]
78 80 3 9 7 [ 42 105 210 252 294 357 ] [ 0.69 0.72 1.33 0.86 1.06 0.90 0.61 ]
80 78 3 9 7 [ 126 189 210 315 336 399 ] [ 0.54 0.97 1.16 0.82 1.12 0.84 0.50 ]
79 80 3 10 7 [ 63 84 189 252 294 357 ] [ 0.42 0.68 1.27 1.29 1.33 0.63 0.46 ]
80 79 3 10 7 [ 42 63 84 105 189 294 ] [ 0.68 0.63 1.41 0.89 1.59 0.76 0.56 ]
79 81 5 16 7 [ 126 147 231 294 378 399 ] [ 0.40 0.63 1.23 0.97 1.45 0.91 0.66 ]
81 79 5 16 7 [ 42 147 273 294 336 357 ] [ 0.64 0.91 1.17 1.13 1.01 0.89 0.67 ]
81 82 3 10 7 [ 42 63 147 168 189 315 ] [ 0.62 0.82 1.16 1.26 1.35 0.83 0.48 ]
82 81 3 10 7 [ 21 63 105 147 210 231 ] [ 0.47 0.65 1.09 1.03 1.02 0.98 0.67 ]
80 82 5 17 7 [ 21 42 63 84 126 147 ] [ 0.49 0.70 1.28 1.20 1.19 0.81 0.60 ]
82 80 5 17 7 [ 21 42 84 105 126 189 ] [ 0.48 0.70 1.15 0.89 1.04 0.79 0.49 ]
81 83 4 13 7 [ 63 147 168 273 294 378 ] [ 0.62 0.89 1.45 1.19 1.08 0.83 0.66 ]
83 81 4 13 7 [ 21 105 126 210 231 294 ] [ 0.48 0.66 1.25 1.06 1.18 0.97 0.68 ]
82 83 5 18 7 [ 42 84 105 189 336 357 ] [ 0.67 0.65 1.24 1.03 1.35 0.97 0.47 ]
83 82 5 18 7 [ 21 63 210 315 336 357 ] [ 0.65 0.76 1.20 0.74 1.02 0.93 0.53 ]
83 84 3 10 7 [ 84 105 189 252 315 399 ] [ 0.56 0.75 1.06 0.95 1.45 0.61 0.63 ]
84 83 3 10 7 [ 42 84 105 147 168 336 ] [ 0.51 0.86 1.07 0.98 1.57 0.81 0.57 ]
84 85 6 20 7 [ 168 231 252 294 315 399 ] [ 0.48 0.92 1.39 0.84 1.51 0.94 0.61 ]
85 84 6 20 7 [ 21 42 63 84 210 315 ] [ 0.54 0.63 1.59 0.74 1.25 0.82 0.65 ]
85 86 2 4 7 [ 21 42 105 210 252 378 ] [ 0.46 0.99 1.18 0.77 1.21 0.69 0.56 ]
86 85 2 4 7 [ 63 84 105 189 231 378 ] [ 0.41 0.76 1.05 1.01 1.29 0.93 0.59 ]
88 91 3 10 7 [ 105 147 168 273 294 336 ] [ 0.62 0.84 1.45 0.71 1.17 0.76 0.55 ]
91 88 3 10 7 [ 63 105 126 231 336 357 ] [ 0.45 0.74 1.05 0.72 1.10 0.78 0.52 ]
81 91 7 26 7 [ 84 126 147 273 294 378 ] [ 0.42 0.97 1.36 1.07 1.30 0.63 0.53 ]
91 81 7 26 7 [ 168 231 252 315 357 378 ] [ 0.58 0.92 1.54 1.03 1.03 0.66 0.64 ]
83 91 8 29 7 [ 21 63 231 315 357 378 ] [ 0.54 0.75 1.44 1.03 1.17 0.96 0.59 ]
91 83 8 29 7 [ 21 84 126 168 210 378 ] [ 0.49 0.73 1.37 0.77 1.23 0.86 0.54 ]
63 92 8 28 7 [ 105 147 210 231 315 336 ] [ 0.65 0.72 1.35 0.98 1.14 0.74 0.68 ]
92 63 8 28 7 [ 21 84 168 294 357 378 ] [ 0.56 0.62 1.55 1.17 1.37 0.89 0.68 ]
62 92 7 25 7 [ 21 126 189 210 273 336 ] [ 0.49 0.98 1.24 0.77 1.16 0.94 0.60 ]
92 62 7 25 7 [ 21 126 147 273 315 336 ] [ 0.52 0.90 1.43 1.28 1.30 0.71 0.56 ]
94 95 3 8 7 [ 42 210 231 252 336 399 ] [ 0.55 0.64 1.55 0.88 1.42 0.68 0.45 ]
95 94 3 8 7 [ 42 189 252 273 294 315 ] [ 0.60 0.69 1.36 1.23 1.44 1.00 0.47 ]
95 96 5 17 7 [ 21 84 126 189 336 378 ] [ 0.52 0.73 1.09 1.11 1.19 0.61 0.41 ]
96 95 5 17 7 [ 105 147 210 336 378 399 ] [ 0.69 0.93 1.40 1.22 1.36 0.95 0.62 ]
96 97 2 3 7 [ 147 189 210 231 273 336 ] [ 0.56 0.82 1.20 1.16 1.29 0.90 0.53 ]
97 96 2 3 7 [ 84 147 168 231 336 399 ] [ 0.53 0.62 1.11 1.00 1.34 0.96 0.66 ]
95 98 3 10 7 [ 42 63 84 273 315 357 ] [ 0.63 0.90 1.13 1.04 1.01 0.73 0.57 ]
98 95 3 10 7 [ 63 105 126 189 210 273 ] [ 0.49 0.69 1.27 0.82 1.56 0.89 0.69 ]
96 98 10 37 7 [ 63 105 210 231 336 357 ] [ 0.51 0.98 1.09 1.01 1.11 0.75 0.50 ]
98 96 10 37 7 [ 84 147 189 210 357 378 ] [ 0.58 0.73 1.29 1.04 1.06 0.99 0.63 ]
98 99 9 33 7 [ 21 63 231 252 273 399 ] [ 0.69 0.87 1.23 1.19 1.54 0.70 0.69 ]
99 98 9 33 7 [ 63 84 105 147 210 231 ] [ 0.45 0.68 1.02 1.10 1.51 0.85 0.63 ]
101 103 6 21 7 [ 189 210 231 252 315 336 ] [ 0.49 0.94 1.16 0.79 1.37 0.78 0.49 ]
103 101 6 21 7 [ 42 63 84 168 189 231 ] [ 0.66 0.91 1.50 1.14 1.38 0.80 0.41 ]
103 104 2 6 7 [ 147 189 231 252 315 399 ] [ 0.61 0.75 1.14 1.02 1.33 0.80 0.58 ]
104 103 2 6 7 [ 21 105 147 231 315 357 ] [ 0.69 0.65 1.16 1.09 1.36 0.73 0.59 ]
104 105 5 15 7 [ 105 168 189 252 378 399 ] [ 0.42 0.84 1.56 0.71 1.51 0.71 0.70 ]
105 104 5 15 7 [ 42 63 168 252 273 336 ] [ 0.61 0.61 1.10 1.12 1.36 0.84 0.60 ]
105 106 8 28 7 [ 84 126 168 231 294 378 ] [ 0.45 0.93 1.16 1.19 1.11 0.71 0.49 ]
106 105 8 28 7 [ 63 126 294 315 336 378 ] [ 0.59 0.95 1.13 1.30 1.36 0.67 0.52 ]
106 107 7 25 7 [ 21 105 231 294 357 378 ] [ 0.46 0.79 1.09 1.15 1.43 0.70 0.70 ]
107 106 7 25 7 [ 21 168 189 231 357 399 ] [ 0.55 0.92 1.00 1.10 1.30 0.91 0.51 ]
105 107 10 38 7 [ 63 189 210 294 378 399 ] [ 0.46 0.74 1.09 1.29 1.39 0.79 0.47 ]
107 105 10 38 7 [ 42 105 189 210 231 294 ] [ 0.50 0.61 1.08 1.17 1.09 0.95 0.61 ]
107 108 25 103 7 [ 42 147 189 273 294 315 ] [ 0.58 0.69 1.55 0.92 1.15 0.88 0.56 ]
108 107 25 103 7 [ 63 168 210 231 252 294 ] [ 0.51 0.87 1.40 1.14 1.06 0.95 0.42 ]
106 109 3 8 7 [ 21 210 252 336 378 399 ] [ 0.47 0.96 1.01 1.28 1.44 0.66 0.41 ]
109 106 3 8 7 [ 126 189 231 252 315 336 ] [ 0.47 0.71 1.38 0.83 1.35 0.80 0.65 ]
109 110 3 7 7 [ 63 126 168 189 315 336 ] [ 0.57 0.88 1.17 0.99 1.58 0.85 0.48 ]
110 109 3 7 7 [ 63 168 315 336 357 399 ] [ 0.69 0.79 1.46 0.90 1.02 0.92 0.62 ]
109 111 4 13 7 [ 21 105 147 168 189 357 ] [ 0.53 0.88 1.58 1.13 1.03 0.84 0.40 ]
111 109 4 13 7 [ 63 105 252 273 294 399 ] [ 0.52 1.00 1.49 1.04 1.28 0.63 0.66 ]
106 111 4 13 7 [ 147 168 210 231 294 315 ] [ 0.70 0.80 1.08 0.81 1.28 0.61 0.57 ]
111 106 4 13 7 [ 63 126 147 231 294 399 ] [ 0.55 0.95 1.10 1.23 1.46 0.90 0.48 ]
111 112 2 4 7 [ 21 42 63 84 231 399 ] [ 0.67 0.99 1.01 1.28 1.49 0.69 0.61 ]
112 111 2 4 7 [ 21 168 231 273 294 336 ] [ 0.55 0.94 1.53 0.98 1.24 0.68 0.57 ]
102 112 12 46 7 [ 84 105 126 189 252 357 ] [ 0.46 0.93 1.07 1.21 1.18 0.82 0.68 ]
112 102 12 46 7 [ 126 168 189 231 315 336 ] [ 0.65 0.92 1.31 1.13 1.56 0.64 0.49 ]
112 113 4 12 7 [ 84 105 252 273 315 399 ] [ 0.61 0.93 1.36 0.77 1.59 0.71 0.57 ]
113 112 4 12 7 [ 21 42 84 210 231 399 ] [ 0.46 0.77 1.13 1.15 1.36 0.79 0.52 ]
113 114 10 36 7 [ 84 168 189 294 336 399 ] [ 0.70 0.78 1.01 1.02 1.07 0.63 0.59 ]
114 113 10 36 7 [ 42 63 105 273 315 378 ] [ 0.63 0.97 1.03 1.20 1.27 0.64 0.49 ]
114 115 3 10 7 [ 42 63 105 315 357 399 ] [ 0.44 0.67 1.29 0.85 1.54 0.89 0.42 ]
115 114 3 10 7 [ 63 147 210 231 273 315 ] [ 0.54 0.75 1.43 1.28 1.01 0.76 0.56 ]
0 115 5 18 7 [ 42 105 252 273 378 399 ] [ 0.60 0.80 1.25 0.72 1.58 0.73 0.67 ]
115 0 5 18 7 [ 21 42 126 168 189 231 ] [ 0.60 0.77 1.44 1.03 1.42 0.95 0.64 ]
115 116 6 19 7 [ 168 210 252 315 357 399 ] [ 0.67 0.71 1.21 1.12 1.41 0.94 0.58 ]
116 115 6 19 7 [ 63 147 252 357 378 399 ] [ 0.45 0.69 1.18 0.92 1.46 0.86 0.49 ]
114 116 6 20 7 [ 147 189 210 252 294 357 ] [ 0.57 0.63 1.17 0.99 1.40 0.73 0.64 ]
116 114 6 20 7 [ 84 189 210 231 315 336 ] [ 0.49 0.87 1.07 1.06 1.49 0.64 0.45 ]
1 116 5 16 7 [ 189 273 315 336 357 399 ] [ 0.46 0.77 1.56 1.06 1.59 0.63 0.49 ]
116 1 5 16 7 [ 147 168 231 273 336 378 ] [ 0.41 0.67 1.31 1.09 1.47 0.75 0.62 ]
116 117 13 49 7 [ 126 168 189 210 252 378 ] [ 0.52 0.60 1.09 1.02 1.59 0.91 0.69 ]
117 116 13 49 7 [ 21 126 147 189 231 252 ] [ 0.57 0.92 1.42 1.13 1.27 0.67 0.50 ]
116 118 7 24 7 [ 42 63 126 147 273 357 ] [ 0.68 0.96 1.42 1.01 1.04 0.64 0.41 ]
118 116 7 24 7 [ 84 231 273 315 357 399 ] [ 0.48 0.62 1.59 0.87 1.04 0.61 0.49 ]
118 119 4 14 7 [ 84 105 126 168 231 399 ] [ 0.59 0.99 1.36 0.85 1.02 0.62 0.40 ]
119 118 4 14 7 [ 63 105 126 189 231 294 ] [ 0.67 0.97 1.37 1.09 1.49 0.98 0.55 ]
113 117 15 58 7 [ 42 63 168 189 336 399 ] [ 0.50 0.62 1.29 0.86 1.16 0.82 0.55 ]
117 113 15 58 7 [ 63 147 210 252 273 399 ] [ 0.61 0.65 1.09 0.95 1.20 0.66 0.64 ]
3 123 17 67 7 [ 126 189 231 252 273 357 ] [ 0.66 0.74 1.27 0.74 1.40 0.86 0.64 ]
123 3 17 67 7 [ 42 105 126 168 273 294 ] [ 0.43 0.79 1.05 0.70 1.15 0.74 0.41 ]
123 125 4 11 7 [ 21 42 84 147 168 315 ] [ 0.58 0.86 1.22 0.86 1.18 0.67 0.62 ]
125 123 4 11 7 [ 42 105 168 189 210 231 ] [ 0.48 0.92 1.60 1.24 1.51 0.82 0.61 ]
125 126 5 15 7 [ 42 63 210 252 273 357 ] [ 0.58 0.94 1.33 0.92 1.32 0.89 0.55 ]
126 125 5 15 7 [ 21 105 147 252 357 378 ] [ 0.59 0.78 1.55 1.06 1.52 0.78 0.53 ]
126 127 6 22 7 [ 189 252 273 315 336 357 ] [ 0.46 0.73 1.05 0.99 1.59 0.66 0.52 ]
127 126 6 22 7 [ 42 63 147 210 252 273 ] [ 0.54 0.99 1.45 0.89 1.33 0.69 0.61 ]
2 127 11 41 7 [ 21 126 231 252 294 315 ] [ 0.70 0.72 1.17 1.14 1.44 0.87 0.41 ]
127 2 11 41 7 [ 42 189 294 315 378 399 ] [ 0.46 0.61 1.45 1.26 1.28 0.94 0.42 ]
127 128 6 23 7 [ 42 126 210 294 315 336 ] [ 0.59 0.81 1.11 1.15 1.14 0.94 0.54 ]
128 127 6 23 7 [ 42 168 189 231 336 357 ] [ 0.68 0.99 1.12 0.80 1.53 0.79 0.60 ]
126 128 4 11 7 [ 42 63 126 189 315 357 ] [ 0.41 0.68 1.52 0.86 1.58 0.64 0.56 ]
128 126 4 11 7 [ 21 42 105 126 147 399 ] [ 0.64 0.89 1.21 1.00 1.12 0.75 0.61 ]
125 129 9 35 7 [ 84 105 147 294 315 399 ] [ 0.48 0.74 1.28 1.26 1.48 0.72 0.41 ]
129 125 9 35 7 [ 21 84 105 189 210 294 ] [ 0.66 0.61 1.08 1.26 1.45 0.85 0.46 ]
125 130 7 26 7 [ 42 126 147 294 357 378 ] [ 0.69 0.83 1.20 1.04 1.29 0.62 0.51 ]
130 125 7 26 7 [ 147 210 231 294 336 378 ] [ 0.69 0.74 1.54 0.93 1.01 0.67 0.50 ]
130 131 2 5 7 [ 21 84 105 147 294 399 ] [ 0.48 0.78 1.56 1.18 1.25 0.90 0.56 ]
131 130 2 5 7 [ 21 126 189 210 252 378 ] [ 0.47 0.97 1.54 1.30 1.18 0.98 0.46 ]
131 132 3 7 7 [ 105 147 252 315 336 378 ] [ 0.43 0.64 1.55 0.80 1.13 0.97 0.51 ]
132 131 3 7 7 [ 105 252 294 315 336 378 ] [ 0.67 0.82 1.15 0.89 1.34 0.71 0.67 ]
132 133 3 10 7 [ 42 105 147 168 252 336 ] [ 0.46 0.81 1.48 1.10 1.06 0.67 0.50 ]
133 132 3 10 7 [ 21 63 231 357 378 399 ] [ 0.54 0.86 1.13 0.90 1.34 0.88 0.51 ]
132 134 6 19 7 [ 21 105 147 210 231 357 ] [ 0.52 0.69 1.04 0.93 1.46 0.73 0.47 ]
134 132 6 19 7 [ 63 210 294 336 378 399 ] [ 0.53 0.87 1.06 1.13 1.39 0.92 0.48 ]
133 134 4 14 7 [ 21 42 63 126 210 273 ] [ 0.57 0.70 1.31 1.29 1.24 0.88 0.41 ]
134 133 4 14 7 [ 42 105 126 252 357 378 ] [ 0.57 0.88 1.19 1.19 1.49 0.83 0.52 ]
133 135 8 31 7 [ 21 63 84 126 336 399 ] [ 0.52 0.96 1.20 1.08 1.55 0.80 0.61 ]
135 133 8 31 7 [ 63 84 189 252 315 336 ] [ 0.51 0.90 1.03 1.05 1.02 0.80 0.46 ]
135 136 8 29 7 [ 105 189 252 294 336 399 ] [ 0.60 0.96 1.52 0.80 1.36 0.78 0.46 ]
136 135 8 29 7 [ 42 84 189 210 315 357 ] [ 0.53 0.94 1.19 1.16 1.60 1.00 0.69 ]
135 137 2 5 7 [ 21 189 210 231 252 336 ] [ 0.61 0.88 1.31 1.14 1.10 0.89 0.60 ]
137 135 2 5 7 [ 63 84 168 252 378 399 ] [ 0.52 0.98 1.41 1.23 1.19 0.78 0.57 ]
130 137 12 47 7 [ 21 84 189 294 336 378 ] [ 0.57 0.79 1.44 0.98 1.52 0.67 0.68 ]
137 130 12 47 7 [ 84 105 147 273 294 378 ] [ 0.48 0.60 1.27 1.20 1.09 0.91 0.55 ]
124 137 6 20 7 [ 126 168 189 231 273 378 ] [ 0.50 0.62 1.01 1.29 1.36 0.61 0.63 ]
137 124 6 20 7 [ 126 210 252 294 378 399 ] [ 0.62 0.91 1.48 1.16 1.22 0.79 0.67 ]
54 139 4 14 7 [ 147 189 231 252 315 399 ] [ 0.45 0.73 1.34 0.88 1.51 0.92 0.67 ]
139 54 4 14 7 [ 42 105 168 294 315 378 ] [ 0.70 0.82 1.11 0.90 1.16 0.92 0.42 ]
53 139 5 18 7 [ 84 168 231 273 294 315 ] [ 0.58 0.77 1.18 1.24 1.34 0.66 0.49 ]
139 53 5 18 7 [ 21 147 189 252 315 378 ] [ 0.61 0.98 1.43 0.87 1.00 0.84 0.46 ]
10 26 13 50 7 [ 63 210 231 252 273 399 ] [ 0.68 0.75 1.16 1.18 1.34 0.89 0.48 ]
26 10 13 50 7 [ 42 84 105 231 378 399 ] [ 0.48 0.68 1.07 1.12 1.07 0.98 0.56 ]
57 69 4 11 7 [ 21 126 210 273 336 378 ] [ 0.55 0.78 1.04 0.92 1.05 0.95 0.48 ]
69 57 4 11 7 [ 42 189 210 252 273 294 ] [ 0.65 0.88 1.51 0.93 1.57 0.94 0.58 ]
5 6 6 0 7 [ 21 210 231 294 357 399 ] [ 0.45 0.86 1.04 1.03 1.28 0.67 0.42 ]
6 5 6 0 7 [ 126 147 168 252 294 357 ] [ 0.67 0.80 1.47 1.06 1.21 0.80 0.57 ]
8 9 4 0 7 [ 126 147 210 273 336 378 ] [ 0.44 0.88 1.13 0.82 1.21 0.73 0.59 ]
9 8 4 0 7 [ 42 105 147 294 315 378 ] [ 0.41 0.90 1.11 0.83 1.57 0.95 0.49 ]
17 18 2 0 7 [ 105 147 168 189 210 294 ] [ 0.59 0.61 1.29 0.71 1.34 0.62 0.63 ]
18 17 2 0 7 [ 63 105 189 252 315 336 ] [ 0.50 0.90 1.55 1.10 1.24 0.73 0.56 ]
20 22 14 0 7 [ 63 126 147 252 357 378 ] [ 0.58 0.84 1.36 1.19 1.41 0.84 0.51 ]
22 20 14 0 7 [ 21 84 105 126 252 315 ] [ 0.62 0.87 1.39 1.22 1.54 0.96 0.66 ]
22 25 6 0 7 [ 21 63 105 126 315 357 ] [ 0.44 0.64 1.07 1.24 1.21 1.00 0.54 ]
25 22 6 0 7 [ 21 42 105 126 147 168 ] [ 0.48 0.91 1.46 0.77 1.18 0.70 0.41 ]
25 30 4 0 7 [ 84 126 147 294 378 399 ] [ 0.52 0.67 1.26 1.15 1.27 0.65 0.63 ]
30 25 4 0 7 [ 42 105 147 273 315 378 ] [ 0.51 0.69 1.45 1.30 1.43 0.84 0.44 ]
47 138 13 0 7 [ 21 42 294 315 357 378 ] [ 0.43 0.69 1.38 0.89 1.49 0.98 0.54 ]
138 47 13 0 7 [ 21 168 210 231 315 378 ] [ 0.68 0.79 1.54 0.95 1.14 0.77 0.67 ]
55 64 8 0 7 [ 63 84 210 252 336 357 ] [ 0.53 0.84 1.08 0.98 1.14 0.74 0.43 ]
64 55 8 0 7 [ 63 105 210 252 336 378 ] [ 0.42 0.88 1.41 1.02 1.30 0.75 0.43 ]
85 87 9 0 7 [ 105 126 168 189 231 315 ] [ 0.59 0.82 1.37 0.98 1.24 0.93 0.47 ]
87 85 9 0 7 [ 42 147 210 294 357 378 ] [ 0.55 0.79 1.51 1.11 1.02 0.68 0.50 ]
87 88 4 0 7 [ 168 210 252 315 357 399 ] [ 0.48 0.79 1.41 0.87 1.31 0.95 0.67 ]
88 87 4 0 7 [ 63 126 210 231 294 336 ] [ 0.56 0.77 1.59 0.93 1.23 0.99 0.44 ]
87 89 4 0 7 [ 105 126 189 210 231 378 ] [ 0.61 0.71 1.21 1.16 1.39 0.66 0.50 ]
89 87 4 0 7 [ 63 126 147 273 315 357 ] [ 0.60 0.93 1.48 0.89 1.49 0.95 0.62 ]
89 90 3 0 7 [ 21 42 63 105 252 357 ] [ 0.40 0.71 1.43 1.22 1.36 0.66 0.57 ]
90 89 3 0 7 [ 21 126 231 294 336 378 ] [ 0.47 0.82 1.51 0.80 1.03 0.89 0.40 ]
67 89 17 0 7 [ 21 63 126 210 315 378 ] [ 0.48 0.93 1.54 1.15 1.16 0.60 0.65 ]
89 67 17 0 7 [ 84 147 189 231 273 399 ] [ 0.43 0.61 1.38 1.06 1.20 0.63 0.41 ]
65 90 17 0 7 [ 84 126 147 189 357 399 ] [ 0.47 0.82 1.43 0.95 1.11 0.99 0.50 ]
90 65 17 0 7 [ 63 126 210 231 315 357 ] [ 0.60 0.71 1.03 0.80 1.14 0.83 0.67 ]
92 93 5 0 7 [ 105 126 168 252 273 357 ] [ 0.58 0.90 1.54 1.11 1.57 0.97 0.66 ]
93 92 5 0 7 [ 84 147 168 294 357 378 ] [ 0.56 0.74 1.56 1.30 1.48 0.91 0.58 ]
93 94 13 0 7 [ 42 84 126 168 210 378 ] [ 0.52 0.69 1.35 1.23 1.03 0.87 0.50 ]
94 93 13 0 7 [ 21 84 126 210 294 315 ] [ 0.48 0.76 1.25 0.98 1.14 0.73 0.65 ]
93 99 5 0 7 [ 126 147 231 252 315 399 ] [ 0.55 0.74 1.39 0.77 1.05 0.94 0.64 ]
99 93 5 0 7 [ 42 231 273 336 378 399 ] [ 0.68 0.90 1.02 1.08 1.27 0.72 0.68 ]
93 100 2 0 7 [ 84 147 168 252 315 336 ] [ 0.66 0.64 1.20 1.28 1.54 0.92 0.61 ]
100 93 2 0 7 [ 21 105 168 189 210 273 ] [ 0.61 0.75 1.35 1.17 1.33 0.89 0.66 ]
65 100 8 0 7 [ 126 147 168 336 378 399 ] [ 0.70 0.61 1.18 1.08 1.13 0.80 0.63 ]
100 65 8 0 7 [ 105 189 294 357 378 399 ] [ 0.63 0.76 1.43 0.87 1.53 0.88 0.60 ]
100 101 5 0 7 [ 84 105 147 168 210 231 ] [ 0.63 0.86 1.59 0.93 1.24 0.95 0.65 ]
101 100 5 0 7 [ 21 147 210 294 357 378 ] [ 0.45 0.68 1.11 1.08 1.44 0.60 0.48 ]
101 102 11 0 7 [ 105 147 168 189 252 336 ] [ 0.40 0.93 1.19 0.74 1.14 0.65 0.44 ]
102 101 11 0 7 [ 63 84 189 210 231 378 ] [ 0.47 0.79 1.31 1.15 1.20 0.98 0.55 ]
90 102 7 0 7 [ 84 105 147 210 378 399 ] [ 0.67 0.77 1.57 1.17 1.27 0.73 0.68 ]
102 90 7 0 7 [ 21 126 189 273 294 399 ] [ 0.65 0.97 1.16 1.10 1.06 0.95 0.61 ]
90 117 9 0 7 [ 42 84 105 189 357 378 ] [ 0.48 0.99 1.10 1.24 1.49 0.78 0.59 ]
117 90 9 0 7 [ 42 84 189 210 231 336 ] [ 0.60 0.71 1.55 1.15 1.42 0.93 0.55 ]
117 120 5 0 7 [ 63 126 168 189 210 378 ] [ 0.41 0.94 1.21 0.77 1.37 0.96 0.46 ]
120 117 5 0 7 [ 42 63 84 315 378 399 ] [ 0.66 0.87 1.57 1.18 1.54 0.66 0.59 ]
119 120 5 0 7 [ 21 42 105 189 210 294 ] [ 0.62 0.67 1.19 1.27 1.01 0.65 0.51 ]
120 119 5 0 7 [ 147 273 294 315 336 399 ] [ 0.54 0.83 1.04 0.80 1.56 0.89 0.56 ]
120 121 3 0 7 [ 63 189 252 294 315 378 ] [ 0.64 0.89 1.32 1.14 1.17 0.69 0.58 ]
121 120 3 0 7 [ 63 168 189 210 252 315 ] [ 0.62 0.77 1.14 0.91 1.31 0.71 0.58 ]
86 121 5 0 7 [ 21 63 126 147 210 378 ] [ 0.43 0.62 1.20 1.28 1.48 0.62 0.47 ]
121 86 5 0 7 [ 21 189 210 252 294 357 ] [ 0.50 0.83 1.20 1.10 1.32 0.66 0.51 ]
121 122 5 0 7 [ 21 63 126 189 210 357 ] [ 0.60 0.89 1.47 1.14 1.54 0.67 0.44 ]
122 121 5 0 7 [ 42 63 105 147 315 336 ] [ 0.52 0.88 1.45 1.26 1.59 0.88 0.57 ]
122 123 8 0 7 [ 21 63 84 294 336 357 ] [ 0.56 0.62 1.32 1.28 1.58 0.93 0.69 ]
123 122 8 0 7 [ 63 105 126 231 315 378 ] [ 0.42 0.73 1.54 0.80 1.49 0.91 0.49 ]
119 122 9 0 7 [ 84 105 126 231 273 399 ] [ 0.52 0.71 1.58 0.75 1.02 0.73 0.70 ]
122 119 9 0 7 [ 63 252 315 357 378 399 ] [ 0.42 0.61 1.60 1.29 1.01 0.66 0.58 ]
122 124 9 0 7 [ 42 105 147 210 273 336 ] [ 0.70 0.67 1.44 0.79 1.24 0.67 0.66 ]
124 122 9 0 7 [ 84 126 147 168 252 315 ] [ 0.62 0.72 1.34 0.93 1.57 0.92 0.44 ]
