NAME : egl-s1-B
VERTICES : 140
EDG_REQ : 75
EDG_NONREQ : 115
VEHICLES : 10
CAPACITY : 150
DEPOT : 0
STARTTIME : 0
ENDTIME : 420
SERVICE_SPEED_FACTOR : 0.70
[NETWORK_DATA]
4 5 8 26 7 [ 21 42 126 189 210 357 ] [ 0.42 0.65 1.26 0.80 1.58 0.85 0.61 ]
5 4 8 26 7 [ 126 147 231 294 315 378 ] [ 0.58 0.69 1.14 0.76 1.32 0.71 0.61 ]
5 7 4 10 7 [ 42 84 189 294 378 399 ] [ 0.60 0.97 1.11 1.07 1.09 0.67 0.56 ]
7 5 4 10 7 [ 105 168 231 252 357 399 ] [ 0.46 0.81 1.25 1.27 1.28 0.67 0.70 ]
7 8 10 37 7 [ 63 168 189 210 294 399 ] [ 0.65 0.75 1.07 0.73 1.10 0.67 0.60 ]
8 7 10 37 7 [ 21 42 84 126 231 336 ] [ 0.52 0.88 1.57 0.87 1.28 0.93 0.58 ]
7 10 13 48 7 [ 42 105 210 231 252 357 ] [ 0.41 0.94 1.15 0.78 1.05 0.66 0.64 ]
10 7 13 48 7 [ 42 84 189 210 252 399 ] [ 0.43 0.81 1.43 0.83 1.49 0.91 0.59 ]
10 11 7 25 7 [ 147 189 231 273 294 336 ] [ 0.58 0.63 1.39 0.91 1.26 0.66 0.68 ]
11 10 7 25 7 [ 63 126 168 315 357 399 ] [ 0.67 0.99 1.02 1.18 1.01 0.95 0.43 ]
11 12 4 12 7 [ 21 126 210 294 315 336 ] [ 0.58 0.65 1.23 0.72 1.15 0.73 0.42 ]
12 11 4 12 7 [ 147 189 252 315 378 399 ] [ 0.57 0.69 1.36 1.00 1.42 0.80 0.50 ]
12 13 6 18 7 [ 42 84 126 189 273 378 ] [ 0.52 0.74 1.07 0.85 1.48 0.65 0.47 ]
13 12 6 18 7 [ 42 105 147 252 357 378 ] [ 0.66 0.99 1.42 1.15 1.43 0.84 0.50 ]
19 21 4 10 7 [ 21 42 189 231 252 336 ] [ 0.48 0.76 1.57 1.12 1.56 0.87 0.46 ]
21 19 4 10 7 [ 21 42 168 231 252 399 ] [ 0.46 0.64 1.04 1.07 1.09 0.69 0.54 ]
19 23 9 33 7 [ 63 84 126 252 273 399 ] [ 0.57 0.62 1.25 0.88 1.49 0.76 0.51 ]
23 19 9 33 7 [ 21 105 147 231 252 315 ] [ 0.47 0.63 1.50 1.00 1.47 0.80 0.65 ]
23 24 4 10 7 [ 105 126 210 252 273 378 ] [ 0.43 0.76 1.38 0.75 1.14 0.97 0.61 ]
24 23 4 10 7 [ 42 231 252 336 357 399 ] [ 0.65 0.79 1.30 1.04 1.35 0.94 0.69 ]
24 26 6 19 7 [ 21 84 105 210 231 273 ] [ 0.60 0.96 1.17 1.01 1.46 0.90 0.42 ]
26 24 6 19 7 [ 63 147 231 315 357 378 ] [ 0.66 0.81 1.28 1.05 1.38 0.73 0.42 ]
26 27 3 6 7 [ 21 105 126 168 252 399 ] [ 0.70 0.99 1.14 0.80 1.04 0.83 0.65 ]
27 26 3 6 7 [ 63 105 126 231 252 357 ] [ 0.64 0.80 1.49 1.30 1.50 0.85 0.41 ]
27 28 2 5 7 [ 105 189 210 231 378 399 ] [ 0.46 0.68 1.17 0.73 1.36 0.89 0.53 ]
28 27 2 5 7 [ 21 147 231 252 336 357 ] [ 0.65 0.70 1.58 0.79 1.25 0.71 0.43 ]
27 29 2 5 7 [ 42 105 126 210 231 399 ] [ 0.69 0.62 1.37 1.06 1.20 0.95 0.67 ]
29 27 2 5 7 [ 63 168 231 315 357 399 ] [ 0.54 0.72 1.48 1.10 1.43 0.89 0.56 ]
29 31 8 28 7 [ 42 84 147 231 252 399 ] [ 0.67 0.64 1.46 1.16 1.07 0.62 0.43 ]
31 29 8 28 7 [ 21 63 105 147 294 336 ] [ 0.49 0.82 1.23 1.22 1.40 0.62 0.69 ]
10 32 7 24 7 [ 63 105 294 336 357 378 ] [ 0.60 0.84 1.43 1.15 1.17 0.88 0.48 ]
32 10 7 24 7 [ 21 147 210 231 294 378 ] [ 0.47 0.70 1.50 0.79 1.28 0.84 0.42 ]
33 138 14 49 7 [ 84 168 231 252 315 336 ] [ 0.48 0.69 1.20 1.20 1.55 0.95 0.55 ]
138 33 14 49 7 [ 126 147 189 231 336 357 ] [ 0.42 0.95 1.09 1.08 1.14 0.84 0.55 ]
35 36 6 20 7 [ 42 63 126 210 294 357 ] [ 0.45 0.97 1.22 1.28 1.54 0.80 0.41 ]
36 35 6 20 7 [ 105 126 231 336 357 399 ] [ 0.66 0.76 1.45 1.26 1.42 0.77 0.53 ]
35 37 7 25 7 [ 42 63 147 189 231 336 ] [ 0.44 0.82 1.47 1.05 1.33 0.85 0.62 ]
37 35 7 25 7 [ 42 63 147 210 357 378 ] [ 0.58 0.62 1.47 0.75 1.22 0.75 0.44 ]
37 38 3 6 7 [ 42 105 126 147 315 378 ] [ 0.46 0.96 1.01 0.88 1.55 0.93 0.60 ]
38 37 3 6 7 [ 21 42 168 273 294 357 ] [ 0.50 0.72 1.13 0.82 1.22 0.73 0.49 ]
38 39 6 18 7 [ 210 231 252 273 315 378 ] [ 0.46 0.93 1.01 0.88 1.06 0.69 0.41 ]
39 38 6 18 7 [ 21 42 63 168 189 357 ] [ 0.58 0.84 1.15 1.12 1.41 0.84 0.53 ]
36 42 5 16 7 [ 84 126 189 210 273 315 ] [ 0.60 0.81 1.25 0.86 1.36 0.84 0.42 ]
42 36 5 16 7 [ 84 105 126 252 336 399 ] [ 0.62 0.72 1.09 1.14 1.26 0.67 0.45 ]
42 43 9 31 7 [ 84 189 231 294 357 378 ] [ 0.66 0.68 1.46 0.73 1.53 0.91 0.45 ]
43 42 9 31 7 [ 105 126 210 273 315 357 ] [ 0.62 0.89 1.25 1.17 1.27 0.69 0.42 ]
43 44 5 14 7 [ 21 84 126 210 231 315 ] [ 0.70 0.97 1.12 0.99 1.52 0.81 0.50 ]
44 43 5 14 7 [ 21 168 189 294 315 399 ] [ 0.44 0.96 1.26 1.27 1.34 0.87 0.53 ]
33 44 2 4 7 [ 168 189 210 252 294 315 ] [ 0.67 0.98 1.54 0.72 1.10 0.89 0.65 ]
44 33 2 4 7 [ 84 126 147 168 273 378 ] [ 0.63 0.65 1.05 1.20 1.02 0.82 0.67 ]
42 45 2 5 7 [ 63 168 189 294 336 378 ] [ 0.51 0.60 1.12 0.73 1.25 0.92 0.60 ]
45 42 2 5 7 [ 105 168 315 336 378 399 ] [ 0.61 0.82 1.24 1.13 1.25 0.85 0.44 ]
32 138 4 13 7 [ 147 168 189 210 294 399 ] [ 0.45 0.93 1.56 1.12 1.19 0.72 0.45 ]
138 32 4 13 7 [ 21 63 105 168 231 357 ] [ 0.69 0.64 1.44 0.89 1.40 0.80 0.59 ]
47 48 4 10 7 [ 126 147 252 315 357 378 ] [ 0.40 0.77 1.02 0.80 1.18 0.83 0.61 ]
48 47 4 10 7 [ 42 63 105 231 357 399 ] [ 0.69 0.79 1.35 0.85 1.54 0.91 0.65 ]
48 139 7 24 7 [ 42 63 168 210 252 357 ] [ 0.47 0.66 1.43 1.12 1.15 0.80 0.49 ]
139 48 7 24 7 [ 126 147 294 357 378 399 ] [ 0.55 0.64 1.03 1.12 1.03 0.77 0.52 ]
53 54 4 10 7 [ 126 210 231 273 378 399 ] [ 0.54 0.97 1.22 1.10 1.00 0.83 0.49 ]
54 53 4 10 7 [ 21 210 273 315 357 378 ] [ 0.42 0.83 1.09 0.90 1.10 0.65 0.66 ]
54 55 2 4 7 [ 105 189 210 231 294 378 ] [ 0.57 0.84 1.18 0.71 1.51 0.88 0.48 ]
55 54 2 4 7 [ 42 147 210 315 357 399 ] [ 0.64 0.86 1.56 0.88 1.01 0.81 0.62 ]
61 62 3 7 7 [ 84 231 273 315 336 357 ] [ 0.64 0.98 1.24 1.29 1.19 0.86 0.54 ]
62 61 3 7 7 [ 126 189 231 252 294 399 ] [ 0.51 0.60 1.42 0.94 1.52 0.95 0.49 ]
62 63 3 9 7 [ 189 210 252 294 315 399 ] [ 0.64 0.82 1.36 1.28 1.51 0.86 0.57 ]
63 62 3 9 7 [ 84 105 168 357 378 399 ] [ 0.57 0.68 1.05 0.73 1.13 0.60 0.56 ]
63 64 5 15 7 [ 63 105 126 210 273 336 ] [ 0.56 0.81 1.51 1.00 1.06 0.77 0.62 ]
64 63 5 15 7 [ 147 231 252 273 315 378 ] [ 0.47 0.66 1.26 0.86 1.30 0.67 0.54 ]
61 65 10 37 7 [ 84 147 210 231 252 378 ] [ 0.66 0.85 1.30 1.15 1.15 0.72 0.51 ]
65 61 10 37 7 [ 105 147 168 189 315 378 ] [ 0.42 0.77 1.29 1.13 1.20 0.80 0.42 ]
65 66 9 33 7 [ 21 126 168 189 231 252 ] [ 0.43 0.72 1.44 1.21 1.41 0.79 0.68 ]
66 65 9 33 7 [ 21 84 168 252 273 357 ] [ 0.58 0.96 1.12 1.24 1.28 0.97 0.67 ]
66 67 3 9 7 [ 21 84 147 252 273 294 ] [ 0.67 0.78 1.27 0.72 1.10 0.76 0.49 ]
67 66 3 9 7 [ 105 126 210 231 294 336 ] [ 0.65 0.70 1.42 1.12 1.27 0.77 0.62 ]
66 68 2 4 7 [ 42 63 252 294 336 378 ] [ 0.69 0.78 1.53 0.87 1.29 0.62 0.63 ]
68 66 2 4 7 [ 42 84 147 168 231 378 ] [ 0.47 0.92 1.34 1.08 1.14 0.62 0.67 ]
68 70 3 6 7 [ 21 63 189 210 252 399 ] [ 0.57 0.82 1.50 1.18 1.41 0.79 0.67 ]
70 68 3 6 7 [ 105 168 210 252 315 399 ] [ 0.53 0.88 1.46 0.90 1.10 0.95 0.62 ]
70 71 3 9 7 [ 63 105 147 210 294 336 ] [ 0.49 0.63 1.07 0.80 1.43 0.97 0.55 ]
71 70 3 9 7 [ 42 63 105 126 231 252 ] [ 0.42 0.87 1.27 1.21 1.28 0.84 0.52 ]
71 72 6 18 7 [ 42 84 147 189 231 273 ] [ 0.45 0.89 1.43 1.09 1.15 0.88 0.54 ]
72 71 6 18 7 [ 42 105 147 189 252 315 ] [ 0.53 0.65 1.28 0.99 1.21 0.71 0.60 ]
43 72 10 36 7 [ 42 189 273 357 378 399 ] [ 0.41 0.91 1.57 0.90 1.55 0.99 0.55 ]
72 43 10 36 7 [ 63 126 168 210 315 399 ] [ 0.66 0.79 1.20 1.22 1.09 0.89 0.61 ]
45 76 5 16 7 [ 42 105 294 315 336 399 ] [ 0.51 0.75 1.43 1.20 1.46 0.93 0.63 ]
76 45 5 16 7 [ 21 84 168 231 315 378 ] [ 0.43 0.92 1.29 1.27 1.03 0.67 0.53 ]
76 77 5 15 7 [ 126 168 315 336 357 378 ] [ 0.51 0.75 1.57 0.94 1.13 0.69 0.49 ]
77 76 5 15 7 [ 42 84 126 147 252 336 ] [ 0.54 0.80 1.03 0.73 1.06 0.84 0.63 ]
77 78 4 12 7 [ 63 84 168 210 252 399 ] [ 0.67 0.70 1.59 0.92 1.09 0.74 0.63 ]
78 77 4 12 7 [ 42 63 84 210 252 294 ] [ 0.64 0.85 1.20 1.04 1.35 1.00 0.65 ]
78 79 4 12 7 [ 21 126 147 231 252 315 ] [ 0.59 0.62 1.08 1.07 1.24 0.83 0.60 ]
79 78 4 12 7 [ 105 189 231 273 294 378 ] [ 0.49 0.98 1.47 1.27 1.41 0.74 0.55 ]
79 81 5 16 7 [ 42 168 210 252 336 378 ] [ 0.43 0.78 1.01 0.85 1.39 0.94 0.44 ]
81 79 5 16 7 [ 42 84 105 210 231 399 ] [ 0.62 0.83 1.17 1.07 1.41 0.70 0.46 ]
81 83 4 13 7 [ 21 84 210 273 315 357 ] [ 0.66 0.82 1.15 1.16 1.27 0.97 0.58 ]
83 81 4 13 7 [ 84 210 315 336 357 378 ] [ 0.58 0.86 1.53 0.84 1.28 0.97 0.58 ]
83 84 4 10 7 [ 21 84 147 189 210 252 ] [ 0.46 0.78 1.30 0.84 1.42 0.83 0.49 ]
84 83 4 10 7 [ 21 84 105 189 210 357 ] [ 0.43 0.70 1.58 1.26 1.43 0.65 0.59 ]
84 85 6 20 7 [ 105 189 210 252 315 336 ] [ 0.49 0.86 1.31 0.72 1.21 0.96 0.64 ]
85 84 6 20 7 [ 84 105 168 252 378 399 ] [ 0.67 0.61 1.02 1.16 1.54 0.84 0.46 ]
85 86 2 4 7 [ 84 105 147 189 315 357 ] [ 0.53 0.96 1.56 0.95 1.03 0.83 0.55 ]
86 85 2 4 7 [ 21 42 84 168 189 210 ] [ 0.44 0.76 1.26 0.87 1.48 0.65 0.52 ]
94 95 3 8 7 [ 21 42 63 84 147 168 ] [ 0.45 0.81 1.02 1.28 1.42 0.80 0.47 ]
95 94 3 8 7 [ 105 189 231 252 294 336 ] [ 0.45 0.84 1.05 1.11 1.01 0.97 0.65 ]
95 96 5 17 7 [ 42 273 294 315 357 378 ] [ 0.58 0.66 1.34 0.92 1.25 0.86 0.52 ]
96 95 5 17 7 [ 42 105 147 210 273 336 ] [ 0.43 0.64 1.00 1.09 1.02 0.79 0.57 ]
96 97 2 3 7 [ 21 105 210 315 336 399 ] [ 0.63 0.61 1.20 0.83 1.42 0.74 0.60 ]
97 96 2 3 7 [ 63 252 294 336 357 378 ] [ 0.40 0.66 1.34 0.89 1.21 0.62 0.44 ]
101 103 6 21 7 [ 105 168 189 273 315 357 ] [ 0.52 0.96 1.21 1.26 1.34 0.82 0.48 ]
103 101 6 21 7 [ 21 84 147 189 231 315 ] [ 0.47 0.68 1.17 1.12 1.31 0.64 0.46 ]
103 104 3 6 7 [ 42 63 315 336 357 399 ] [ 0.70 0.77 1.12 1.07 1.39 0.77 0.66 ]
104 103 3 6 7 [ 21 42 63 210 231 252 ] [ 0.63 0.85 1.48 0.75 1.03 0.63 0.63 ]
104 105 5 15 7 [ 63 126 168 252 294 378 ] [ 0.69 0.68 1.04 0.89 1.50 0.63 0.63 ]
105 104 5 15 7 [ 84 105 189 231 336 399 ] [ 0.43 0.84 1.21 1.10 1.41 0.96 0.54 ]
105 106 8 28 7 [ 63 126 252 273 336 357 ] [ 0.49 0.80 1.34 0.86 1.32 0.91 0.57 ]
106 105 8 28 7 [ 21 63 126 147 210 273 ] [ 0.54 0.69 1.40 1.09 1.54 0.88 0.50 ]
106 107 7 25 7 [ 21 63 84 147 252 357 ] [ 0.45 0.94 1.35 0.76 1.30 0.63 0.46 ]
107 106 7 25 7 [ 63 189 273 294 378 399 ] [ 0.56 0.89 1.55 0.79 1.42 0.96 0.54 ]
107 108 27 103 7 [ 21 42 231 252 294 399 ] [ 0.50 0.67 1.06 0.71 1.02 0.77 0.43 ]
108 107 27 103 7 [ 21 63 147 210 252 378 ] [ 0.49 0.88 1.26 0.99 1.57 0.88 0.45 ]
106 109 3 8 7 [ 105 147 168 252 273 357 ] [ 0.46 1.00 1.31 0.88 1.54 0.70 0.51 ]
109 106 3 8 7 [ 21 147 210 231 252 357 ] [ 0.59 0.88 1.37 0.94 1.50 0.64 0.59 ]
109 110 3 7 7 [ 21 105 168 252 336 399 ] [ 0.54 0.79 1.28 0.98 1.48 0.97 0.52 ]
110 109 3 7 7 [ 42 63 252 273 378 399 ] [ 0.45 0.81 1.23 0.82 1.44 0.78 0.63 ]
109 111 4 13 7 [ 21 84 168 189 210 273 ] [ 0.66 0.82 1.35 0.85 1.13 0.62 0.65 ]
111 109 4 13 7 [ 21 42 84 210 294 378 ] [ 0.66 0.85 1.56 1.07 1.58 0.97 0.55 ]
106 111 4 13 7 [ 105 168 189 294 357 378 ] [ 0.41 0.73 1.33 1.07 1.03 0.88 0.53 ]
111 106 4 13 7 [ 168 189 231 252 273 336 ] [ 0.47 0.64 1.40 0.71 1.57 0.89 0.54 ]
111 112 2 4 7 [ 84 273 315 336 357 378 ] [ 0.49 0.70 1.20 1.04 1.21 0.62 0.66 ]
112 111 2 4 7 [ 42 63 210 231 273 357 ] [ 0.62 0.83 1.14 1.19 1.32 0.85 0.66 ]
112 113 4 12 7 [ 105 147 231 252 273 357 ] [ 0.41 0.99 1.41 0.91 1.09 0.62 0.43 ]
113 112 4 12 7 [ 42 84 231 273 315 378 ] [ 0.44 0.67 1.28 0.70 1.15 0.87 0.63 ]
0 115 6 18 7 [ 21 42 105 168 273 378 ] [ 0.44 0.71 1.55 0.81 1.01 0.68 0.64 ]
115 0 6 18 7 [ 21 63 231 252 336 357 ] [ 0.48 0.92 1.50 1.19 1.42 0.94 0.61 ]
115 116 6 19 7 [ 42 189 252 273 294 399 ] [ 0.49 0.63 1.52 0.86 1.12 0.92 0.56 ]
116 115 6 19 7 [ 42 84 252 273 294 315 ] [ 0.51 0.80 1.27 1.19 1.17 0.70 0.46 ]
1 116 5 16 7 [ 21 147 168 210 273 357 ] [ 0.64 0.86 1.04 0.95 1.05 0.93 0.53 ]
116 1 5 16 7 [ 42 84 126 252 378 399 ] [ 0.48 0.84 1.57 1.11 1.17 0.90 0.44 ]
116 118 7 24 7 [ 63 147 168 210 231 273 ] [ 0.41 0.77 1.47 1.04 1.00 0.68 0.53 ]
118 116 7 24 7 [ 42 84 126 147 168 378 ] [ 0.47 0.63 1.49 1.23 1.54 0.74 0.46 ]
113 117 16 58 7 [ 42 126 147 231 378 399 ] [ 0.47 0.66 1.45 1.23 1.14 0.89 0.66 ]
117 113 16 58 7 [ 21 42 189 252 378 399 ] [ 0.59 0.85 1.19 1.13 1.09 0.98 0.59 ]
123 125 4 11 7 [ 42 105 252 273 315 378 ] [ 0.48 0.75 1.03 1.29 1.46 0.60 0.68 ]
125 123 4 11 7 [ 84 126 189 210 315 357 ] [ 0.46 0.78 1.43 0.71 1.57 0.96 0.61 ]
125 129 10 35 7 [ 63 84 105 273 315 378 ] [ 0.68 0.99 1.03 1.15 1.56 0.70 0.51 ]
129 125 10 35 7 [ 42 84 105 126 168 273 ] [ 0.49 0.82 1.03 0.73 1.07 0.72 0.63 ]
54 139 5 14 7 [ 42 84 126 168 252 357 ] [ 0.45 0.94 1.54 0.85 1.41 0.86 0.41 ]
139 54 5 14 7 [ 147 189 231 294 315 357 ] [ 0.58 0.92 1.40 1.03 1.19 0.71 0.53 ]
10 26 14 50 7 [ 21 84 168 315 357 378 ] [ 0.60 0.98 1.03 0.70 1.37 0.95 0.66 ]
26 10 14 50 7 [ 63 126 168 189 210 357 ] [ 0.62 0.75 1.42 0.76 1.28 0.75 0.41 ]
5 6 6 0 7 [ 42 84 105 147 273 378 ] [ 0.68 0.93 1.10 1.15 1.08 0.68 0.44 ]
6 5 6 0 7 [ 84 126 210 315 357 378 ] [ 0.41 0.98 1.20 0.71 1.08 0.73 0.51 ]
8 9 4 0 7 [ 84 126 168 189 252 315 ] [ 0.60 0.92 1.10 1.23 1.46 0.83 0.51 ]
9 8 4 0 7 [ 84 189 210 252 357 399 ] [ 0.40 0.67 1.21 0.98 1.19 0.91 0.59 ]
9 14 4 0 7 [ 105 126 210 315 357 378 ] [ 0.70 0.79 1.31 1.24 1.45 0.65 0.48 ]
14 9 4 0 7 [ 21 42 84 231 273 315 ] [ 0.70 0.61 1.51 0.78 1.54 0.75 0.59 ]
14 15 3 0 7 [ 42 63 147 210 294 336 ] [ 0.67 0.65 1.14 1.13 1.47 0.81 0.44 ]
15 14 3 0 7 [ 42 63 147 273 294 399 ] [ 0.42 0.88 1.46 1.04 1.34 0.62 0.65 ]
14 16 4 0 7 [ 63 84 147 168 273 336 ] [ 0.47 0.92 1.18 0.80 1.27 0.66 0.49 ]
16 14 4 0 7 [ 189 252 273 315 378 399 ] [ 0.65 0.89 1.19 1.08 1.23 0.86 0.48 ]
12 16 3 0 7 [ 147 189 231 273 315 357 ] [ 0.55 0.75 1.52 1.00 1.00 0.72 0.56 ]
16 12 3 0 7 [ 126 210 252 273 336 399 ] [ 0.52 0.85 1.60 1.24 1.50 0.92 0.60 ]
12 15 4 0 7 [ 105 126 189 231 294 336 ] [ 0.43 0.94 1.47 1.05 1.29 0.66 0.51 ]
15 12 4 0 7 [ 84 105 231 273 294 336 ] [ 0.55 0.96 1.11 0.92 1.42 1.00 0.60 ]
16 17 3 0 7 [ 105 147 168 231 315 378 ] [ 0.67 0.86 1.54 0.87 1.44 0.83 0.54 ]
17 16 3 0 7 [ 63 210 231 252 315 357 ] [ 0.66 0.80 1.05 0.70 1.06 0.74 0.46 ]
17 18 3 0 7 [ 21 42 210 315 357 378 ] [ 0.52 0.69 1.55 1.02 1.04 0.83 0.56 ]
18 17 3 0 7 [ 42 126 147 189 315 399 ] [ 0.42 0.64 1.21 1.22 1.14 0.96 0.56 ]
9 18 8 0 7 [ 63 84 126 210 231 336 ] [ 0.41 1.00 1.14 1.15 1.05 0.86 0.41 ]
18 9 8 0 7 [ 105 147 210 252 357 399 ] [ 0.50 0.60 1.15 1.12 1.26 0.62 0.69 ]
11 19 10 0 7 [ 105 210 294 336 357 378 ] [ 0.50 0.99 1.34 0.75 1.32 0.68 0.66 ]
19 11 10 0 7 [ 126 168 189 210 273 294 ] [ 0.68 0.90 1.39 0.84 1.23 0.95 0.53 ]
19 20 16 0 7 [ 63 168 189 273 294 378 ] [ 0.58 0.84 1.49 1.18 1.59 0.84 0.45 ]
20 19 16 0 7 [ 84 210 273 294 315 399 ] [ 0.70 0.94 1.23 0.87 1.52 0.80 0.50 ]
20 22 15 0 7 [ 105 126 147 231 357 399 ] [ 0.53 0.82 1.21 0.86 1.20 0.97 0.52 ]
22 20 15 0 7 [ 147 210 231 294 336 378 ] [ 0.46 0.86 1.51 1.00 1.28 0.89 0.67 ]
22 23 15 0 7 [ 42 147 252 273 294 357 ] [ 0.62 0.91 1.14 1.29 1.44 0.86 0.51 ]
23 22 15 0 7 [ 84 168 189 231 273 336 ] [ 0.62 0.95 1.27 1.05 1.25 0.94 0.57 ]
24 25 13 0 7 [ 126 147 252 273 315 357 ] [ 0.56 0.80 1.05 1.20 1.57 0.99 0.56 ]
25 24 13 0 7 [ 21 105 126 189 336 378 ] [ 0.53 0.95 1.40 0.91 1.18 0.70 0.50 ]
22 25 6 0 7 [ 42 189 210 273 294 315 ] [ 0.60 0.76 1.16 1.14 1.56 0.78 0.66 ]
25 22 6 0 7 [ 42 147 168 273 315 336 ] [ 0.60 0.84 1.33 1.10 1.40 0.72 0.51 ]
29 30 12 0 7 [ 21 42 168 252 273 294 ] [ 0.67 0.81 1.14 0.97 1.11 0.68 0.53 ]
30 29 12 0 7 [ 168 231 252 294 336 357 ] [ 0.59 0.83 1.55 0.90 1.55 0.89 0.51 ]
25 30 4 0 7 [ 84 126 168 231 252 399 ] [ 0.67 0.94 1.35 0.82 1.28 0.70 0.57 ]
30 25 4 0 7 [ 42 63 189 294 315 378 ] [ 0.69 0.72 1.22 1.21 1.20 0.96 0.41 ]
28 32 14 0 7 [ 42 105 126 252 378 399 ] [ 0.59 0.69 1.29 1.09 1.31 0.89 0.52 ]
32 28 14 0 7 [ 63 105 168 189 315 399 ] [ 0.58 0.81 1.45 0.70 1.17 0.74 0.66 ]
33 34 16 0 7 [ 21 105 147 189 315 378 ] [ 0.42 0.68 1.41 1.26 1.32 0.97 0.52 ]
34 33 16 0 7 [ 21 168 189 252 273 357 ] [ 0.50 0.61 1.23 1.22 1.20 0.78 0.70 ]
34 35 2 0 7 [ 21 168 210 315 336 357 ] [ 0.44 0.95 1.24 0.75 1.32 0.99 0.69 ]
35 34 2 0 7 [ 21 42 63 126 147 210 ] [ 0.42 0.94 1.06 0.92 1.24 0.83 0.64 ]
34 36 5 0 7 [ 21 63 84 189 231 378 ] [ 0.67 0.81 1.23 1.06 1.56 0.82 0.68 ]
36 34 5 0 7 [ 84 168 189 231 252 357 ] [ 0.40 0.64 1.07 0.98 1.08 0.82 0.45 ]
39 40 4 0 7 [ 105 189 231 252 273 378 ] [ 0.68 0.94 1.20 0.96 1.18 0.88 0.53 ]
40 39 4 0 7 [ 21 168 231 294 336 399 ] [ 0.69 0.71 1.35 1.01 1.53 0.77 0.62 ]
37 40 4 0 7 [ 21 42 231 273 336 357 ] [ 0.56 0.90 1.48 1.01 1.35 0.73 0.46 ]
40 37 4 0 7 [ 21 84 147 210 273 378 ] [ 0.50 0.91 1.21 0.76 1.45 0.72 0.69 ]
40 46 26 0 7 [ 42 84 126 189 273 336 ] [ 0.69 0.99 1.15 0.89 1.41 0.82 0.45 ]
46 40 26 0 7 [ 21 63 147 231 273 336 ] [ 0.49 0.98 1.34 1.25 1.44 0.80 0.42 ]
36 41 5 0 7 [ 105 126 147 210 315 357 ] [ 0.60 0.67 1.02 1.13 1.47 0.86 0.69 ]
41 36 5 0 7 [ 21 63 84 147 231 273 ] [ 0.61 0.96 1.05 1.01 1.21 0.62 0.58 ]
41 42 2 0 7 [ 147 231 273 315 336 399 ] [ 0.50 0.80 1.53 0.76 1.00 0.97 0.48 ]
42 41 2 0 7 [ 63 84 147 231 252 315 ] [ 0.60 0.84 1.54 1.28 1.38 0.78 0.47 ]
41 46 2 0 7 [ 21 42 84 126 147 336 ] [ 0.46 0.86 1.23 1.13 1.56 0.88 0.63 ]
46 41 2 0 7 [ 42 105 126 273 294 357 ] [ 0.64 0.88 1.34 0.80 1.28 0.91 0.55 ]
45 46 3 0 7 [ 42 63 273 294 315 378 ] [ 0.62 0.80 1.16 0.92 1.11 0.76 0.64 ]
46 45 3 0 7 [ 42 84 126 210 273 357 ] [ 0.45 0.98 1.30 0.78 1.27 0.83 0.46 ]
47 138 14 0 7 [ 42 84 210 273 357 399 ] [ 0.68 0.99 1.58 1.00 1.25 0.93 0.45 ]
138 47 14 0 7 [ 63 126 189 252 294 357 ] [ 0.49 0.95 1.40 1.17 1.10 0.78 0.44 ]
47 49 3 0 7 [ 42 105 168 189 357 378 ] [ 0.63 0.73 1.39 0.80 1.34 0.61 0.64 ]
49 47 3 0 7 [ 84 168 189 231 273 294 ] [ 0.53 0.62 1.39 0.78 1.39 0.81 0.66 ]
49 50 9 0 7 [ 21 42 105 210 231 399 ] [ 0.45 0.90 1.31 0.87 1.03 0.91 0.48 ]
50 49 9 0 7 [ 21 63 126 210 231 378 ] [ 0.50 0.76 1.18 0.98 1.15 0.67 0.42 ]
50 51 4 0 7 [ 21 42 168 315 357 378 ] [ 0.63 0.78 1.50 0.76 1.30 0.89 0.66 ]
51 50 4 0 7 [ 21 189 273 315 336 357 ] [ 0.41 0.65 1.12 0.90 1.41 0.62 0.67 ]
51 52 4 0 7 [ 105 126 189 252 315 357 ] [ 0.55 0.61 1.36 1.13 1.33 0.77 0.51 ]
52 51 4 0 7 [ 42 63 210 231 252 378 ] [ 0.50 0.62 1.21 1.02 1.09 0.72 0.59 ]
52 139 7 0 7 [ 42 105 168 273 315 357 ] [ 0.49 0.91 1.15 1.24 1.17 0.80 0.49 ]
139 52 7 0 7 [ 147 168 189 315 357 399 ] [ 0.59 0.90 1.29 1.13 1.13 0.95 0.69 ]
55 56 14 0 7 [ 21 63 105 126 168 252 ] [ 0.66 0.95 1.54 1.24 1.56 0.93 0.44 ]
56 55 14 0 7 [ 105 126 189 210 294 336 ] [ 0.67 0.65 1.43 0.87 1.14 0.81 0.51 ]
56 57 6 0 7 [ 63 105 210 252 273 294 ] [ 0.51 0.73 1.10 0.73 1.52 0.66 0.41 ]
57 56 6 0 7 [ 147 252 273 294 336 378 ] [ 0.53 0.68 1.41 1.27 1.12 0.81 0.61 ]
57 58 11 0 7 [ 84 105 210 294 357 378 ] [ 0.52 0.70 1.56 0.97 1.16 0.89 0.53 ]
58 57 11 0 7 [ 147 168 252 357 378 399 ] [ 0.41 0.70 1.16 0.86 1.40 0.94 0.53 ]
58 59 6 0 7 [ 63 147 168 273 336 399 ] [ 0.44 0.61 1.42 0.87 1.38 0.91 0.57 ]
59 58 6 0 7 [ 21 63 84 126 147 273 ] [ 0.55 0.94 1.26 1.28 1.59 0.94 0.60 ]
44 59 5 0 7 [ 21 147 231 273 357 378 ] [ 0.50 0.68 1.03 1.02 1.14 0.81 0.63 ]
59 44 5 0 7 [ 21 84 168 189 252 294 ] [ 0.55 0.76 1.55 0.83 1.42 0.65 0.62 ]
59 60 10 0 7 [ 42 84 168 336 357 399 ] [ 0.40 0.79 1.21 1.04 1.29 0.74 0.41 ]
60 59 10 0 7 [ 63 189 252 294 378 399 ] [ 0.70 0.66 1.14 0.72 1.50 0.99 0.67 ]
58 60 9 0 7 [ 42 147 189 315 336 357 ] [ 0.41 0.62 1.56 1.26 1.36 0.84 0.45 ]
60 58 9 0 7 [ 21 42 63 147 168 336 ] [ 0.52 0.70 1.18 1.01 1.33 0.78 0.63 ]
48 60 4 0 7 [ 21 126 168 189 294 357 ] [ 0.60 0.98 1.42 0.91 1.05 0.76 0.57 ]
60 48 4 0 7 [ 42 63 105 189 336 378 ] [ 0.60 0.78 1.02 0.92 1.47 0.90 0.62 ]
56 61 5 0 7 [ 126 189 210 231 357 399 ] [ 0.51 0.87 1.37 0.83 1.06 0.71 0.42 ]
61 56 5 0 7 [ 63 126 147 231 315 357 ] [ 0.66 0.64 1.22 1.28 1.09 0.93 0.48 ]
55 64 9 0 7 [ 63 168 210 273 357 378 ] [ 0.44 0.88 1.22 1.22 1.11 0.92 0.66 ]
64 55 9 0 7 [ 147 189 252 294 336 357 ] [ 0.51 0.91 1.05 0.88 1.30 0.85 0.54 ]
68 69 3 0 7 [ 42 168 231 315 357 378 ] [ 0.44 0.92 1.53 1.13 1.07 0.79 0.47 ]
69 68 3 0 7 [ 21 84 126 189 357 378 ] [ 0.46 0.79 1.27 1.27 1.56 0.78 0.47 ]
69 70 3 0 7 [ 42 84 126 336 357 399 ] [ 0.59 0.63 1.12 0.88 1.04 0.67 0.61 ]
70 69 3 0 7 [ 105 126 231 315 357 378 ] [ 0.41 0.66 1.48 1.14 1.07 0.81 0.55 ]
71 73 5 0 7 [ 168 189 252 294 315 399 ] [ 0.70 0.84 1.37 0.88 1.48 0.88 0.45 ]
73 71 5 0 7 [ 21 126 147 189 378 399 ] [ 0.59 0.80 1.41 0.77 1.10 0.82 0.43 ]
72 73 2 0 7 [ 21 84 126 168 210 273 ] [ 0.50 0.86 1.41 1.26 1.44 0.67 0.42 ]
73 72 2 0 7 [ 42 63 126 168 294 378 ] [ 0.56 0.89 1.55 1.06 1.56 0.75 0.58 ]
70 74 10 0 7 [ 84 105 126 294 315 399 ] [ 0.68 0.64 1.03 1.09 1.49 0.86 0.68 ]
74 70 10 0 7 [ 105 168 189 210 273 294 ] [ 0.66 0.95 1.57 0.78 1.21 0.62 0.56 ]
74 75 13 0 7 [ 21 147 210 231 252 357 ] [ 0.41 0.96 1.01 0.85 1.05 0.84 0.54 ]
75 74 13 0 7 [ 63 105 315 336 378 399 ] [ 0.62 0.99 1.07 0.89 1.49 0.70 0.59 ]
73 75 8 0 7 [ 42 105 126 252 273 378 ] [ 0.42 0.76 1.13 1.12 1.01 0.86 0.63 ]
75 73 8 0 7 [ 42 105 147 231 252 378 ] [ 0.43 0.65 1.18 1.29 1.20 0.85 0.49 ]
75 76 4 0 7 [ 42 147 252 273 378 399 ] [ 0.56 0.77 1.35 0.74 1.15 0.93 0.42 ]
76 75 4 0 7 [ 84 210 252 273 357 378 ] [ 0.45 0.81 1.36 1.17 1.43 0.68 0.50 ]
78 80 3 0 7 [ 84 105 294 315 357 399 ] [ 0.50 0.89 1.03 0.99 1.56 0.60 0.64 ]
80 78 3 0 7 [ 42 63 189 210 315 378 ] [ 0.46 0.93 1.41 0.89 1.11 0.67 0.58 ]
79 80 4 0 7 [ 21 63 84 126 210 315 ] [ 0.57 0.63 1.52 0.74 1.15 0.83 0.61 ]
80 79 4 0 7 [ 21 147 168 231 336 399 ] [ 0.52 0.72 1.01 0.85 1.29 0.84 0.48 ]
81 82 4 0 7 [ 21 84 147 168 231 399 ] [ 0.48 0.81 1.19 0.89 1.30 0.77 0.61 ]
82 81 4 0 7 [ 42 84 189 252 357 378 ] [ 0.59 0.71 1.37 1.23 1.35 0.80 0.70 ]
80 82 5 0 7 [ 147 168 210 231 357 399 ] [ 0.59 0.97 1.26 1.07 1.43 0.97 0.42 ]
82 80 5 0 7 [ 84 105 210 252 273 399 ] [ 0.51 0.90 1.13 0.94 1.36 0.61 0.44 ]
82 83 6 0 7 [ 42 105 168 189 252 273 ] [ 0.52 0.89 1.10 0.84 1.24 0.64 0.56 ]
83 82 6 0 7 [ 42 63 126 189 210 357 ] [ 0.70 0.99 1.05 0.70 1.06 0.71 0.65 ]
85 87 9 0 7 [ 105 126 189 315 336 378 ] [ 0.60 0.91 1.44 1.21 1.41 0.94 0.47 ]
87 85 9 0 7 [ 21 105 147 252 273 336 ] [ 0.48 0.71 1.47 1.26 1.46 0.80 0.69 ]
87 88 5 0 7 [ 42 84 168 231 357 378 ] [ 0.56 0.72 1.42 0.82 1.58 0.98 0.60 ]
88 87 5 0 7 [ 42 126 168 210 252 336 ] [ 0.53 0.78 1.48 1.09 1.49 0.81 0.65 ]
87 89 4 0 7 [ 63 168 189 273 294 336 ] [ 0.65 0.82 1.16 1.13 1.02 0.88 0.60 ]
89 87 4 0 7 [ 126 189 273 294 336 357 ] [ 0.40 0.83 1.01 1.07 1.01 0.93 0.57 ]
89 90 3 0 7 [ 63 231 252 294 315 399 ] [ 0.50 0.81 1.51 1.12 1.03 0.61 0.51 ]
90 89 3 0 7 [ 21 105 126 168 273 294 ] [ 0.46 0.83 1.37 0.91 1.51 0.94 0.59 ]
67 89 18 0 7 [ 126 210 273 294 336 357 ] [ 0.58 0.97 1.50 0.94 1.56 0.61 0.49 ]
89 67 18 0 7 [ 42 189 210 231 336 399 ] [ 0.43 0.61 1.51 0.79 1.38 0.91 0.61 ]
65 90 19 0 7 [ 42 63 84 168 210 399 ] [ 0.55 0.75 1.27 0.92 1.19 0.77 0.63 ]
90 65 19 0 7 [ 42 84 189 294 315 336 ] [ 0.44 0.65 1.44 0.98 1.13 0.87 0.57 ]
88 91 4 0 7 [ 105 147 189 210 315 357 ] [ 0.54 1.00 1.35 1.03 1.35 0.70 0.47 ]
91 88 4 0 7 [ 21 147 168 231 252 294 ] [ 0.49 0.61 1.32 1.29 1.16 0.66 0.63 ]
81 91 8 0 7 [ 21 42 189 252 294 315 ] [ 0.60 0.73 1.09 1.27 1.41 0.84 0.57 ]
91 81 8 0 7 [ 42 84 147 168 273 294 ] [ 0.69 0.97 1.18 1.14 1.14 0.71 0.42 ]
83 91 8 0 7 [ 42 168 210 231 252 399 ] [ 0.58 0.87 1.10 0.93 1.56 0.91 0.51 ]
91 83 8 0 7 [ 42 147 168 294 315 378 ] [ 0.68 0.73 1.42 0.97 1.13 0.66 0.55 ]
63 92 8 0 7 [ 63 105 126 210 273 378 ] [ 0.63 0.73 1.35 1.19 1.05 0.88 0.51 ]
92 63 8 0 7 [ 189 210 252 336 357 378 ] [ 0.70 0.69 1.59 0.89 1.25 0.78 0.49 ]
62 92 7 0 7 [ 21 126 168 231 252 399 ] [ 0.57 0.99 1.29 0.91 1.35 0.95 0.50 ]
92 62 7 0 7 [ 168 189 210 252 273 357 ] [ 0.62 0.87 1.55 1.14 1.33 0.73 0.61 ]
92 93 5 0 7 [ 63 126 168 189 315 399 ] [ 0.56 0.71 1.20 1.00 1.36 0.78 0.45 ]
93 92 5 0 7 [ 42 63 84 105 168 252 ] [ 0.48 0.74 1.11 0.93 1.01 0.78 0.61 ]
93 94 14 0 7 [ 21 210 273 294 315 399 ] [ 0.58 0.88 1.58 1.30 1.40 0.73 0.43 ]
94 93 14 0 7 [ 168 231 294 315 336 357 ] [ 0.66 0.82 1.22 1.17 1.46 0.84 0.61 ]
95 98 4 0 7 [ 126 147 189 231 252 399 ] [ 0.61 0.82 1.03 1.19 1.46 1.00 0.53 ]
98 95 4 0 7 [ 42 105 168 252 294 378 ] [ 0.47 0.99 1.33 0.81 1.36 0.65 0.69 ]
96 98 10 0 7 [ 42 84 147 231 273 399 ] [ 0.47 0.61 1.39 1.00 1.44 0.62 0.57 ]
98 96 10 0 7 [ 63 105 168 231 315 336 ] [ 0.56 0.65 1.44 1.03 1.23 0.62 0.57 ]
98 99 9 0 7 [ 147 168 189 294 315 336 ] [ 0.63 0.70 1.15 1.26 1.23 0.66 0.51 ]
99 98 9 0 7 [ 105 168 273 336 378 399 ] [ 0.64 0.82 1.37 1.28 1.06 0.98 0.67 ]
93 99 5 0 7 [ 42 63 84 147 189 399 ] [ 0.51 0.61 1.39 1.17 1.35 0.75 0.49 ]
99 93 5 0 7 [ 84 126 168 189 210 273 ] [ 0.62 0.80 1.57 0.77 1.36 0.74 0.65 ]
93 100 2 0 7 [ 84 189 231 294 315 399 ] [ 0.69 0.79 1.25 0.75 1.41 0.97 0.69 ]
100 93 2 0 7 [ 42 168 210 336 357 399 ] [ 0.56 0.91 1.10 0.75 1.19 0.63 0.65 ]
65 100 8 0 7 [ 21 147 210 252 336 378 ] [ 0.55 0.87 1.34 1.16 1.04 0.86 0.52 ]
100 65 8 0 7 [ 42 84 105 189 231 336 ] [ 0.47 0.96 1.53 0.94 1.17 0.80 0.61 ]
100 101 5 0 7 [ 168 231 252 315 336 399 ] [ 0.66 0.61 1.55 1.12 1.52 0.65 0.69 ]
101 100 5 0 7 [ 63 105 168 294 315 378 ] [ 0.70 0.93 1.26 1.01 1.20 0.76 0.64 ]
101 102 12 0 7 [ 42 105 126 147 189 378 ] [ 0.55 0.86 1.01 0.91 1.28 0.99 0.58 ]
102 101 12 0 7 [ 42 63 168 231 294 336 ] [ 0.65 0.88 1.37 0.99 1.25 0.85 0.41 ]
90 102 8 0 7 [ 42 126 189 210 294 336 ] [ 0.62 0.91 1.46 0.91 1.36 0.88 0.41 ]
102 90 8 0 7 [ 21 42 63 126 252 378 ] [ 0.68 0.84 1.50 0.94 1.22 0.89 0.64 ]
105 107 11 0 7 [ 42 63 105 147 231 399 ] [ 0.68 0.99 1.42 1.22 1.16 0.82 0.63 ]
107 105 11 0 7 [ 63 84 252 294 357 378 ] [ 0.43 0.68 1.12 0.76 1.46 0.80 0.41 ]
102 112 13 0 7 [ 42 147 315 336 378 399 ] [ 0.65 0.98 1.04 1.08 1.03 0.95 0.59 ]
112 102 13 0 7 [ 63 105 231 252 336 399 ] [ 0.68 0.75 1.55 1.25 1.57 0.75 0.51 ]
113 114 10 0 7 [ 42 84 210 294 336 378 ] [ 0.57 0.70 1.01 1.19 1.59 0.98 0.44 ]
114 113 10 0 7 [ 84 147 189 210 252 273 ] [ 0.70 0.97 1.21 1.20 1.03 0.68 0.61 ]
114 115 4 0 7 [ 63 84 210 294 315 336 ] [ 0.67 0.64 1.46 1.08 1.42 0.92 0.43 ]
115 114 4 0 7 [ 63 105 126 189 231 378 ] [ 0.42 0.93 1.03 1.30 1.44 0.67 0.42 ]
114 116 6 0 7 [ 21 105 210 231 252 294 ] [ 0.48 0.81 1.20 1.14 1.55 0.97 0.65 ]
116 114 6 0 7 [ 42 84 189 252 294 378 ] [ 0.66 0.62 1.60 1.12 1.38 0.97 0.60 ]
116 117 14 0 7 [ 84 168 273 294 315 399 ] [ 0.47 0.84 1.48 0.81 1.45 0.80 0.57 ]
117 116 14 0 7 [ 42 84 126 147 315 336 ] [ 0.68 0.60 1.12 1.30 1.44 0.73 0.56 ]
118 119 5 0 7 [ 105 210 252 294 378 399 ] [ 0.41 0.93 1.19 1.14 1.39 0.98 0.41 ]
119 118 5 0 7 [ 42 84 105 210 252 336 ] [ 0.50 0.96 1.47 0.73 1.06 0.87 0.59 ]
90 117 10 0 7 [ 105 126 168 189 210 294 ] [ 0.44 0.60 1.37 1.22 1.49 0.98 0.54 ]
117 90 10 0 7 [ 63 105 168 189 336 378 ] [ 0.69 0.62 1.54 1.28 1.07 0.80 0.58 ]
117 120 5 0 7 [ 63 84 105 147 210 231 ] [ 0.67 0.99 1.39 0.82 1.02 0.80 0.43 ]
120 117 5 0 7 [ 42 231 252 294 357 399 ] [ 0.51 0.89 1.31 1.01 1.60 0.99 0.46 ]
119 120 5 0 7 [ 42 84 168 315 378 399 ] [ 0.44 0.83 1.16 0.74 1.33 0.89 0.70 ]
120 119 5 0 7 [ 21 84 147 231 294 357 ] [ 0.63 0.77 1.01 0.78 1.31 0.70 0.57 ]
120 121 3 0 7 [ 126 210 336 357 378 399 ] [ 0.60 0.76 1.40 0.74 1.07 0.82 0.49 ]
121 120 3 0 7 [ 21 84 210 336 357 378 ] [ 0.41 0.74 1.48 1.26 1.17 0.96 0.41 ]
86 121 5 0 7 [ 42 84 147 189 231 336 ] [ 0.68 0.60 1.16 1.08 1.34 0.73 0.58 ]
121 86 5 0 7 [ 42 63 231 273 294 357 ] [ 0.55 0.72 1.58 1.27 1.41 0.84 0.47 ]
121 122 5 0 7 [ 21 84 105 126 189 252 ] [ 0.46 0.75 1.35 1.30 1.11 0.76 0.43 ]
122 121 5 0 7 [ 42 63 189 210 294 399 ] [ 0.51 0.88 1.32 0.91 1.13 0.70 0.69 ]
122 123 8 0 7 [ 63 105 189 231 252 357 ] [ 0.51 0.78 1.53 0.76 1.34 0.69 0.43 ]
123 122 8 0 7 [ 63 105 147 210 315 378 ] [ 0.56 0.60 1.17 0.71 1.18 0.62 0.56 ]
119 122 9 0 7 [ 63 84 147 210 231 399 ] [ 0.47 0.76 1.29 1.27 1.36 0.85 0.54 ]
122 119 9 0 7 [ 42 84 168 210 294 378 ] [ 0.42 0.96 1.55 0.80 1.35 0.88 0.42 ]
122 124 9 0 7 [ 63 105 147 168 231 252 ] [ 0.51 0.85 1.04 1.06 1.09 0.64 0.49 ]
124 122 9 0 7 [ 21 210 273 294 378 399 ] [ 0.47 0.88 1.55 1.23 1.31 0.80 0.58 ]
3 123 18 0 7 [ 21 168 189 231 252 273 ] [ 0.67 0.95 1.14 1.21 1.49 0.99 0.52 ]
123 3 18 0 7 [ 84 105 147 168 210 399 ] [ 0.62 0.69 1.38 0.95 1.02 0.67 0.49 ]
125 126 5 0 7 [ 21 42 126 189 273 378 ] [ 0.69 0.87 1.42 0.98 1.43 0.65 0.55 ]
126 125 5 0 7 [ 63 84 126 168 315 357 ] [ 0.65 0.97 1.53 1.01 1.20 0.69 0.59 ]
126 127 7 0 7 [ 21 84 126 210 231 273 ] [ 0.68 0.93 1.09 1.16 1.39 0.83 0.41 ]
127 126 7 0 7 [ 126 147 210 273 315 357 ] [ 0.62 0.73 1.04 1.09 1.10 0.65 0.43 ]
2 127 12 0 7 [ 105 147 168 252 336 399 ] [ 0.49 0.81 1.30 0.74 1.10 0.93 0.43 ]
127 2 12 0 7 [ 21 63 84 126 147 231 ] [ 0.59 0.88 1.55 1.28 1.48 0.68 0.65 ]
127 128 7 0 7 [ 42 189 210 231 273 378 ] [ 0.64 0.83 1.21 1.13 1.05 0.95 0.44 ]
128 127 7 0 7 [ 147 210 231 252 336 357 ] [ 0.52 0.81 1.43 1.24 1.22 0.92 0.63 ]
126 128 4 0 7 [ 126 168 210 252 336 357 ] [ 0.51 0.87 1.20 0.84 1.07 0.69 0.60 ]
128 126 4 0 7 [ 84 126 168 189 273 294 ] [ 0.62 0.60 1.51 1.19 1.22 0.68 0.56 ]
125 130 8 0 7 [ 42 210 252 273 315 378 ] [ 0.44 0.96 1.27 1.11 1.34 0.74 0.50 ]
130 125 8 0 7 [ 105 147 210 231 273 336 ] [ 0.40 0.87 1.11 0.95 1.43 0.79 0.63 ]
130 131 2 0 7 [ 21 126 210 231 315 357 ] [ 0.57 0.68 1.56 1.29 1.24 0.64 0.63 ]
131 130 2 0 7 [ 21 63 147 168 273 378 ] [ 0.49 0.65 1.59 0.71 1.13 0.76 0.50 ]
131 132 3 0 7 [ 126 147 210 336 357 378 ] [ 0.61 0.84 1.19 0.87 1.28 0.93 0.59 ]
132 131 3 0 7 [ 21 126 252 273 315 336 ] [ 0.54 0.95 1.42 1.12 1.09 0.71 0.47 ]
132 133 4 0 7 [ 42 63 189 210 231 336 ] [ 0.59 0.90 1.44 1.02 1.20 0.92 0.49 ]
133 132 4 0 7 [ 84 210 252 273 294 315 ] [ 0.69 0.62 1.58 0.95 1.53 0.60 0.46 ]
132 134 6 0 7 [ 21 63 84 105 147 252 ] [ 0.64 0.68 1.41 1.20 1.28 0.90 0.53 ]
134 132 6 0 7 [ 126 189 252 273 315 378 ] [ 0.58 0.62 1.18 0.84 1.35 0.81 0.45 ]
133 134 5 0 7 [ 42 63 126 147 294 336 ] [ 0.53 0.66 1.35 1.01 1.25 0.93 0.48 ]
134 133 5 0 7 [ 21 84 126 315 336 399 ] [ 0.51 0.91 1.37 0.75 1.22 0.94 0.54 ]
133 135 9 0 7 [ 42 63 126 168 231 399 ] [ 0.67 0.88 1.22 0.79 1.02 0.69 0.45 ]
135 133 9 0 7 [ 42 126 210 273 336 357 ] [ 0.56 0.86 1.36 0.75 1.52 0.72 0.63 ]
135 136 8 0 7 [ 168 231 252 336 357 378 ] [ 0.58 0.65 1.33 1.09 1.42 0.70 0.42 ]
136 135 8 0 7 [ 42 84 168 189 378 399 ] [ 0.52 0.68 1.25 1.08 1.51 0.60 0.57 ]
135 137 2 0 7 [ 21 105 189 252 273 357 ] [ 0.44 0.85 1.13 0.84 1.21 0.80 0.51 ]
137 135 2 0 7 [ 42 84 105 210 357 399 ] [ 0.60 0.66 1.18 0.80 1.53 0.95 0.57 ]
130 137 13 0 7 [ 42 126 231 294 315 399 ] [ 0.44 0.73 1.12 0.73 1.26 0.82 0.42 ]
137 130 13 0 7 [ 63 189 273 315 357 399 ] [ 0.47 0.78 1.55 1.11 1.03 0.83 0.53 ]
124 137 6 0 7 [ 189 210 252 294 336 399 ] [ 0.55 0.81 1.17 1.04 1.35 0.68 0.61 ]
137 124 6 0 7 [ 21 126 168 231 294 378 ] [ 0.50 0.75 1.54 1.11 1.36 0.82 0.40 ]
53 139 6 0 7 [ 21 63 105 168 231 357 ] [ 0.69 0.69 1.51 0.98 1.34 0.60 0.68 ]
139 53 6 0 7 [ 126 168 189 210 273 357 ] [ 0.56 0.71 1.34 0.88 1.09 0.78 0.50 ]
57 69 4 0 7 [ 21 147 168 252 273 315 ] [ 0.46 0.88 1.54 0.70 1.16 0.89 0.48 ]
69 57 4 0 7 [ 84 231 273 294 357 378 ] [ 0.47 0.73 1.46 1.28 1.25 0.69 0.67 ]
