NAME : egl-g2-B
VERTICES : 255
EDG_REQ : 375
EDG_NONREQ : 0
VEHICLES : 27
CAPACITY : 23100
DEPOT : 0
STARTTIME : 0
ENDTIME : 420
SERVICE_SPEED_FACTOR : 0.70
[NETWORK_DATA]
0 4 8 1860 7 [ 63 84 126 168 315 357 ] [ 0.40 0.80 1.51 1.07 1.41 0.83 0.54 ]
4 0 8 1860 7 [ 42 63 231 252 336 399 ] [ 0.61 0.72 1.38 1.01 1.41 1.00 0.43 ]
4 5 3 556 7 [ 21 84 126 252 315 357 ] [ 0.58 0.80 1.05 1.02 1.17 0.96 0.48 ]
5 4 3 556 7 [ 84 147 210 252 315 336 ] [ 0.52 0.62 1.14 1.09 1.12 0.61 0.57 ]
5 6 4 821 7 [ 63 168 189 210 273 399 ] [ 0.44 0.82 1.19 1.24 1.45 0.97 0.47 ]
6 5 4 821 7 [ 21 105 189 273 315 378 ] [ 0.45 0.92 1.15 1.07 1.30 0.74 0.49 ]
6 7 3 606 7 [ 42 126 147 231 252 294 ] [ 0.51 0.63 1.24 0.73 1.09 0.78 0.44 ]
7 6 3 606 7 [ 63 84 147 231 378 399 ] [ 0.68 0.81 1.13 0.71 1.41 0.87 0.69 ]
7 8 9 2195 7 [ 63 189 252 273 315 399 ] [ 0.40 0.68 1.41 1.01 1.29 0.83 0.40 ]
8 7 9 2195 7 [ 63 147 231 252 294 336 ] [ 0.42 0.74 1.12 1.25 1.57 0.77 0.65 ]
8 9 2 282 7 [ 42 84 105 189 252 273 ] [ 0.43 0.81 1.56 1.13 1.11 0.67 0.62 ]
9 8 2 282 7 [ 63 105 147 189 231 357 ] [ 0.57 0.74 1.04 1.03 1.40 0.74 0.52 ]
9 10 8 1834 7 [ 21 189 231 294 315 378 ] [ 0.57 0.78 1.31 0.71 1.33 0.83 0.69 ]
10 9 8 1834 7 [ 21 63 84 210 273 378 ] [ 0.70 0.97 1.49 1.23 1.21 0.73 0.62 ]
10 11 5 1109 7 [ 63 84 210 252 294 315 ] [ 0.61 0.68 1.29 1.22 1.49 0.88 0.52 ]
11 10 5 1109 7 [ 42 147 231 315 336 378 ] [ 0.42 0.97 1.00 0.82 1.50 0.96 0.56 ]
11 12 3 591 7 [ 21 126 210 252 336 378 ] [ 0.41 0.96 1.58 1.07 1.30 0.92 0.55 ]
12 11 3 591 7 [ 63 84 147 189 357 378 ] [ 0.64 0.83 1.38 1.25 1.42 0.96 0.58 ]
12 13 13 3357 7 [ 42 126 147 252 336 399 ] [ 0.53 0.98 1.36 1.11 1.45 0.65 0.65 ]
13 12 13 3357 7 [ 42 168 273 315 336 399 ] [ 0.44 0.72 1.39 1.28 1.39 0.77 0.46 ]
13 14 8 1922 7 [ 63 105 168 294 315 336 ] [ 0.45 0.66 1.03 1.28 1.42 0.76 0.56 ]
14 13 8 1922 7 [ 147 168 210 273 378 399 ] [ 0.41 0.99 1.33 0.75 1.43 0.96 0.47 ]
4 15 2 390 7 [ 21 63 84 147 210 252 ] [ 0.49 1.00 1.38 0.70 1.59 0.62 0.50 ]
15 4 2 390 7 [ 84 105 147 168 189 252 ] [ 0.51 0.94 1.03 0.75 1.49 0.94 0.69 ]
15 16 2 221 7 [ 21 273 294 336 357 399 ] [ 0.40 1.00 1.22 1.17 1.32 0.94 0.56 ]
16 15 2 221 7 [ 21 105 147 273 294 336 ] [ 0.41 0.88 1.44 1.06 1.03 0.91 0.47 ]
16 17 2 318 7 [ 21 42 147 189 378 399 ] [ 0.62 0.89 1.38 1.25 1.34 0.74 0.57 ]
17 16 2 318 7 [ 42 84 210 315 378 399 ] [ 0.63 0.85 1.58 1.14 1.56 0.94 0.41 ]
5 17 3 429 7 [ 126 168 231 252 336 378 ] [ 0.55 0.80 1.02 1.17 1.57 0.97 0.63 ]
17 5 3 429 7 [ 168 189 210 294 315 399 ] [ 0.52 0.76 1.16 0.98 1.57 0.63 0.42 ]
17 18 4 717 7 [ 21 42 105 126 189 315 ] [ 0.58 0.85 1.12 1.27 1.46 0.70 0.54 ]
18 17 4 717 7 [ 21 84 147 231 378 399 ] [ 0.56 0.81 1.07 0.77 1.57 0.62 0.51 ]
6 18 3 503 7 [ 21 231 273 294 357 399 ] [ 0.51 0.95 1.38 1.25 1.10 0.86 0.56 ]
18 6 3 503 7 [ 84 231 273 294 357 378 ] [ 0.60 0.76 1.35 0.91 1.12 0.97 0.46 ]
15 19 4 960 7 [ 105 147 168 210 273 357 ] [ 0.55 0.69 1.58 1.28 1.06 0.97 0.66 ]
19 15 4 960 7 [ 21 147 210 231 273 294 ] [ 0.66 0.71 1.35 1.08 1.32 0.90 0.65 ]
19 20 3 669 7 [ 63 315 336 357 378 399 ] [ 0.57 0.66 1.01 1.18 1.26 0.96 0.49 ]
20 19 3 669 7 [ 126 147 168 189 210 252 ] [ 0.49 0.66 1.56 1.22 1.31 0.75 0.55 ]
18 20 3 460 7 [ 21 42 63 105 231 378 ] [ 0.69 0.73 1.20 0.70 1.05 0.62 0.66 ]
20 18 3 460 7 [ 63 84 105 168 273 357 ] [ 0.68 0.69 1.05 0.83 1.31 0.75 0.51 ]
19 21 3 519 7 [ 147 168 336 357 378 399 ] [ 0.53 0.99 1.32 0.84 1.10 0.71 0.59 ]
21 19 3 519 7 [ 63 84 105 294 315 357 ] [ 0.62 0.73 1.23 0.87 1.16 0.99 0.44 ]
21 22 3 463 7 [ 42 126 189 294 336 357 ] [ 0.43 0.61 1.29 0.87 1.45 0.86 0.52 ]
22 21 3 463 7 [ 42 63 105 168 231 252 ] [ 0.68 0.60 1.48 1.21 1.03 0.92 0.52 ]
20 22 5 985 7 [ 21 63 168 231 252 399 ] [ 0.57 0.69 1.45 0.92 1.44 0.99 0.57 ]
22 20 5 985 7 [ 21 147 231 252 315 378 ] [ 0.51 0.98 1.32 1.17 1.57 0.61 0.48 ]
21 23 3 528 7 [ 189 231 252 273 294 315 ] [ 0.50 0.99 1.49 0.72 1.53 0.86 0.50 ]
23 21 3 528 7 [ 21 84 147 189 210 294 ] [ 0.59 0.81 1.17 0.96 1.34 0.66 0.62 ]
22 23 3 479 7 [ 63 168 273 294 378 399 ] [ 0.48 0.93 1.08 0.89 1.29 0.92 0.56 ]
23 22 3 479 7 [ 21 84 147 168 294 378 ] [ 0.55 0.87 1.32 0.93 1.14 0.85 0.69 ]
23 24 7 1561 7 [ 21 84 231 252 357 399 ] [ 0.62 0.91 1.60 1.29 1.34 0.85 0.62 ]
24 23 7 1561 7 [ 84 231 252 294 315 357 ] [ 0.46 0.81 1.56 1.04 1.51 0.88 0.65 ]
24 0 11 2841 7 [ 42 105 147 273 315 336 ] [ 0.48 0.65 1.46 1.18 1.24 0.99 0.59 ]
0 24 11 2841 7 [ 21 168 231 273 336 378 ] [ 0.48 0.92 1.55 0.83 1.06 0.66 0.55 ]
20 25 3 681 7 [ 126 252 273 294 315 378 ] [ 0.60 0.91 1.36 1.21 1.59 0.84 0.46 ]
25 20 3 681 7 [ 105 147 189 210 252 273 ] [ 0.47 0.96 1.30 1.11 1.19 0.79 0.43 ]
7 25 5 1063 7 [ 21 42 105 168 252 357 ] [ 0.61 0.99 1.30 1.09 1.21 0.63 0.59 ]
25 7 5 1063 7 [ 21 126 147 168 315 378 ] [ 0.50 0.83 1.19 0.99 1.06 0.95 0.55 ]
6 254 5 991 7 [ 63 105 210 315 336 378 ] [ 0.57 0.83 1.37 1.02 1.05 0.71 0.48 ]
254 6 5 991 7 [ 42 168 189 294 336 357 ] [ 0.69 0.66 1.18 0.88 1.36 0.69 0.68 ]
25 26 4 969 7 [ 189 210 231 294 336 378 ] [ 0.48 0.70 1.37 1.00 1.55 0.81 0.61 ]
26 25 4 969 7 [ 126 189 210 273 357 378 ] [ 0.49 0.95 1.01 1.02 1.10 0.91 0.50 ]
22 27 6 1471 7 [ 21 126 189 210 231 273 ] [ 0.51 0.85 1.03 1.30 1.35 0.73 0.70 ]
27 22 6 1471 7 [ 84 105 147 252 357 378 ] [ 0.59 0.67 1.03 0.89 1.19 0.69 0.47 ]
26 27 3 590 7 [ 42 84 105 336 378 399 ] [ 0.43 0.84 1.46 1.27 1.59 0.89 0.58 ]
27 26 3 590 7 [ 147 168 189 273 294 336 ] [ 0.47 0.95 1.20 1.02 1.16 0.75 0.46 ]
26 28 4 720 7 [ 42 63 105 147 189 336 ] [ 0.62 0.62 1.18 0.89 1.27 0.79 0.62 ]
28 26 4 720 7 [ 42 147 273 294 315 336 ] [ 0.51 0.72 1.22 0.76 1.53 0.68 0.51 ]
27 28 4 819 7 [ 21 42 84 126 294 336 ] [ 0.65 0.75 1.33 0.92 1.52 0.87 0.52 ]
28 27 4 819 7 [ 84 147 210 231 378 399 ] [ 0.61 0.86 1.36 0.95 1.46 0.87 0.48 ]
8 28 4 794 7 [ 63 231 252 273 315 357 ] [ 0.51 0.61 1.05 1.23 1.27 0.71 0.43 ]
28 8 4 794 7 [ 21 210 294 315 378 399 ] [ 0.44 0.68 1.14 1.29 1.15 0.97 0.41 ]
8 254 3 637 7 [ 21 63 294 336 357 378 ] [ 0.68 0.88 1.07 0.98 1.37 0.85 0.44 ]
254 8 3 637 7 [ 63 126 252 294 315 336 ] [ 0.60 1.00 1.32 0.72 1.26 0.92 0.42 ]
9 29 3 498 7 [ 21 189 210 231 252 294 ] [ 0.69 0.79 1.48 0.94 1.09 0.82 0.68 ]
29 9 3 498 7 [ 42 168 189 210 315 399 ] [ 0.64 0.95 1.14 1.11 1.02 0.76 0.53 ]
28 30 3 559 7 [ 84 147 189 252 378 399 ] [ 0.48 0.95 1.51 0.85 1.54 0.81 0.51 ]
30 28 3 559 7 [ 42 84 105 252 315 357 ] [ 0.41 0.94 1.08 1.27 1.04 0.65 0.55 ]
30 29 2 383 7 [ 105 147 168 252 294 315 ] [ 0.63 0.69 1.29 0.98 1.34 0.98 0.70 ]
29 30 2 383 7 [ 210 231 252 315 336 378 ] [ 0.68 0.93 1.02 0.98 1.41 0.98 0.47 ]
30 31 7 1671 7 [ 84 168 315 336 357 399 ] [ 0.52 0.85 1.52 1.12 1.37 0.95 0.56 ]
31 30 7 1671 7 [ 84 147 168 210 294 336 ] [ 0.59 0.99 1.38 0.89 1.42 0.88 0.44 ]
31 32 3 420 7 [ 105 147 189 273 294 357 ] [ 0.44 0.89 1.48 0.75 1.42 0.85 0.67 ]
32 31 3 420 7 [ 21 210 231 294 378 399 ] [ 0.48 0.92 1.29 0.71 1.47 0.80 0.68 ]
29 32 6 1373 7 [ 21 189 210 294 336 378 ] [ 0.44 0.99 1.52 1.05 1.31 0.82 0.62 ]
32 29 6 1373 7 [ 84 231 252 294 315 336 ] [ 0.40 0.66 1.44 0.81 1.16 0.95 0.67 ]
32 10 1 130 7 [ 21 84 189 231 273 399 ] [ 0.61 1.00 1.46 1.01 1.19 0.82 0.58 ]
10 32 1 130 7 [ 21 84 147 189 210 294 ] [ 0.69 0.60 1.57 1.27 1.35 0.90 0.62 ]
31 33 3 546 7 [ 21 168 210 231 294 378 ] [ 0.59 0.90 1.39 0.78 1.29 0.72 0.49 ]
33 31 3 546 7 [ 105 126 147 189 273 315 ] [ 0.50 0.87 1.21 0.99 1.02 0.86 0.59 ]
33 34 3 510 7 [ 42 63 84 105 294 357 ] [ 0.54 0.93 1.29 0.91 1.17 0.63 0.60 ]
34 33 3 510 7 [ 42 84 126 147 336 378 ] [ 0.48 0.74 1.42 1.00 1.22 0.75 0.64 ]
34 35 2 363 7 [ 21 42 210 231 294 357 ] [ 0.70 0.97 1.54 1.25 1.19 0.65 0.61 ]
35 34 2 363 7 [ 84 105 189 336 378 399 ] [ 0.57 1.00 1.57 0.84 1.33 0.62 0.45 ]
35 32 3 424 7 [ 21 63 147 294 378 399 ] [ 0.43 0.69 1.34 1.25 1.25 0.65 0.67 ]
32 35 3 424 7 [ 168 189 231 294 315 378 ] [ 0.68 0.91 1.39 1.28 1.34 0.95 0.63 ]
35 11 3 673 7 [ 42 84 126 273 294 378 ] [ 0.64 0.82 1.41 0.75 1.53 0.92 0.42 ]
11 35 3 673 7 [ 63 84 273 294 336 378 ] [ 0.64 0.77 1.19 1.06 1.51 0.92 0.46 ]
34 36 4 894 7 [ 42 126 273 315 336 399 ] [ 0.51 0.96 1.27 0.73 1.35 0.95 0.61 ]
36 34 4 894 7 [ 84 105 252 294 315 336 ] [ 0.49 0.74 1.58 0.79 1.44 0.72 0.52 ]
36 12 2 226 7 [ 105 147 231 252 315 336 ] [ 0.61 0.94 1.24 0.88 1.19 0.73 0.41 ]
12 36 2 226 7 [ 21 210 315 357 378 399 ] [ 0.60 0.85 1.55 1.16 1.45 0.78 0.43 ]
24 37 4 709 7 [ 84 105 231 273 294 378 ] [ 0.68 0.69 1.33 1.00 1.27 0.86 0.57 ]
37 24 4 709 7 [ 84 105 168 189 378 399 ] [ 0.52 0.96 1.53 0.77 1.36 0.82 0.64 ]
37 38 8 2022 7 [ 42 105 147 294 315 399 ] [ 0.53 0.80 1.48 1.24 1.23 0.64 0.60 ]
38 37 8 2022 7 [ 63 147 273 294 315 399 ] [ 0.67 0.87 1.26 1.20 1.00 0.91 0.69 ]
38 39 4 747 7 [ 126 168 210 273 294 336 ] [ 0.66 0.90 1.09 0.80 1.55 0.94 0.56 ]
39 38 4 747 7 [ 21 84 126 315 357 399 ] [ 0.66 0.92 1.19 1.00 1.12 0.95 0.60 ]
38 40 10 2431 7 [ 42 84 126 147 189 273 ] [ 0.51 0.75 1.19 1.25 1.21 0.82 0.45 ]
40 38 10 2431 7 [ 63 105 126 231 252 336 ] [ 0.64 0.65 1.03 0.81 1.27 0.64 0.67 ]
40 33 10 2533 7 [ 84 168 231 252 294 357 ] [ 0.65 0.72 1.06 1.04 1.02 0.95 0.69 ]
33 40 10 2533 7 [ 21 105 126 189 294 399 ] [ 0.48 0.71 1.52 0.98 1.34 1.00 0.64 ]
38 41 14 3644 7 [ 42 105 126 147 210 231 ] [ 0.56 0.71 1.47 1.20 1.47 0.88 0.48 ]
41 38 14 3644 7 [ 42 168 210 231 357 378 ] [ 0.60 1.00 1.54 1.18 1.45 0.80 0.63 ]
41 42 3 605 7 [ 42 63 84 126 315 336 ] [ 0.58 0.76 1.46 0.98 1.26 0.77 0.55 ]
42 41 3 605 7 [ 21 105 126 252 378 399 ] [ 0.54 0.82 1.04 1.29 1.13 0.97 0.42 ]
40 42 15 3742 7 [ 42 147 294 315 336 357 ] [ 0.64 0.62 1.48 1.02 1.47 0.93 0.62 ]
42 40 15 3742 7 [ 42 105 189 252 357 378 ] [ 0.69 0.75 1.01 1.21 1.18 0.74 0.51 ]
42 43 3 666 7 [ 21 84 147 315 357 378 ] [ 0.65 0.69 1.28 0.91 1.18 0.93 0.68 ]
43 42 3 666 7 [ 105 147 168 210 273 315 ] [ 0.60 0.73 1.12 1.07 1.31 0.90 0.46 ]
36 43 19 5067 7 [ 21 84 189 294 315 336 ] [ 0.60 0.75 1.41 0.75 1.28 0.78 0.61 ]
43 36 19 5067 7 [ 21 42 273 336 357 399 ] [ 0.64 0.89 1.27 1.09 1.38 0.70 0.49 ]
13 43 13 3407 7 [ 42 84 210 231 357 399 ] [ 0.65 0.77 1.00 0.75 1.26 0.83 0.56 ]
43 13 13 3407 7 [ 21 105 126 189 231 294 ] [ 0.64 0.95 1.10 1.15 1.40 0.77 0.43 ]
14 44 6 1414 7 [ 126 168 210 252 315 336 ] [ 0.51 0.93 1.39 1.22 1.32 0.66 0.49 ]
44 14 6 1414 7 [ 21 42 84 147 168 294 ] [ 0.45 0.96 1.39 0.79 1.42 0.86 0.51 ]
44 45 11 2781 7 [ 42 84 147 168 189 336 ] [ 0.45 0.96 1.15 1.17 1.36 0.65 0.69 ]
45 44 11 2781 7 [ 63 105 189 210 315 357 ] [ 0.59 0.63 1.20 1.21 1.28 0.62 0.68 ]
45 46 4 844 7 [ 21 42 105 126 168 210 ] [ 0.50 0.97 1.22 1.09 1.08 0.91 0.57 ]
46 45 4 844 7 [ 21 84 168 210 273 399 ] [ 0.53 0.63 1.00 0.92 1.47 0.96 0.46 ]
45 47 4 774 7 [ 168 231 273 294 336 357 ] [ 0.52 0.97 1.34 0.75 1.28 0.70 0.70 ]
47 45 4 774 7 [ 42 63 105 126 315 399 ] [ 0.69 0.67 1.32 0.80 1.13 0.97 0.59 ]
47 48 3 553 7 [ 42 105 147 189 252 294 ] [ 0.59 0.66 1.52 1.17 1.27 0.70 0.65 ]
48 47 3 553 7 [ 63 126 147 273 294 399 ] [ 0.58 0.98 1.04 1.14 1.29 0.94 0.59 ]
45 48 5 1231 7 [ 21 63 105 147 168 273 ] [ 0.67 0.67 1.37 0.89 1.24 0.93 0.48 ]
48 45 5 1231 7 [ 63 105 126 189 336 357 ] [ 0.55 0.83 1.17 1.11 1.60 0.99 0.42 ]
48 49 5 1041 7 [ 63 168 189 210 336 357 ] [ 0.63 0.87 1.31 1.29 1.14 0.77 0.48 ]
49 48 5 1041 7 [ 147 168 231 273 294 357 ] [ 0.64 0.71 1.30 1.02 1.41 0.83 0.51 ]
49 50 6 1486 7 [ 21 42 105 168 210 273 ] [ 0.54 0.70 1.30 1.11 1.43 0.88 0.65 ]
50 49 6 1486 7 [ 21 147 168 189 231 273 ] [ 0.61 0.71 1.59 0.88 1.51 0.76 0.60 ]
50 51 5 1190 7 [ 63 126 147 273 315 399 ] [ 0.49 0.97 1.10 0.89 1.59 0.84 0.43 ]
51 50 5 1190 7 [ 21 42 126 147 189 210 ] [ 0.54 0.91 1.14 1.28 1.22 0.76 0.55 ]
51 52 6 1254 7 [ 105 189 231 273 294 315 ] [ 0.46 0.81 1.52 1.07 1.24 0.78 0.58 ]
52 51 6 1254 7 [ 126 147 231 252 357 399 ] [ 0.40 0.86 1.43 0.93 1.32 0.75 0.61 ]
52 53 3 468 7 [ 42 84 126 231 294 336 ] [ 0.53 0.62 1.15 1.00 1.10 0.84 0.43 ]
53 52 3 468 7 [ 42 147 210 231 252 315 ] [ 0.42 0.98 1.42 0.76 1.41 0.71 0.48 ]
53 54 2 230 7 [ 21 84 105 294 357 378 ] [ 0.65 0.92 1.24 1.30 1.10 0.93 0.69 ]
54 53 2 230 7 [ 42 84 105 147 189 252 ] [ 0.56 0.88 1.40 1.07 1.07 0.74 0.50 ]
54 41 8 1871 7 [ 84 126 147 189 252 273 ] [ 0.57 1.00 1.17 0.85 1.52 0.85 0.68 ]
41 54 8 1871 7 [ 105 168 210 252 357 399 ] [ 0.52 0.86 1.12 1.17 1.21 0.77 0.41 ]
54 52 3 662 7 [ 21 42 126 189 210 294 ] [ 0.56 0.73 1.49 0.92 1.39 0.61 0.47 ]
52 54 3 662 7 [ 42 147 168 189 252 399 ] [ 0.67 0.88 1.59 1.10 1.38 0.87 0.47 ]
43 53 7 1559 7 [ 21 42 189 210 357 378 ] [ 0.57 0.61 1.30 0.74 1.25 0.72 0.45 ]
53 43 7 1559 7 [ 42 126 168 273 294 357 ] [ 0.55 0.89 1.37 1.07 1.07 0.87 0.66 ]
52 55 3 545 7 [ 42 63 105 168 210 378 ] [ 0.63 0.83 1.07 0.93 1.54 0.78 0.66 ]
55 52 3 545 7 [ 63 252 315 336 357 378 ] [ 0.44 0.91 1.18 0.94 1.59 0.82 0.50 ]
55 56 2 341 7 [ 21 105 126 147 168 252 ] [ 0.50 0.81 1.36 0.93 1.24 0.92 0.55 ]
56 55 2 341 7 [ 63 105 147 210 336 378 ] [ 0.70 0.81 1.01 1.10 1.59 0.75 0.68 ]
56 57 3 422 7 [ 21 42 63 126 231 315 ] [ 0.47 0.68 1.36 0.77 1.03 0.81 0.68 ]
57 56 3 422 7 [ 63 147 168 252 315 399 ] [ 0.60 0.84 1.48 1.03 1.03 0.72 0.67 ]
55 57 2 332 7 [ 21 147 189 210 252 357 ] [ 0.60 0.90 1.50 1.18 1.03 0.61 0.48 ]
57 55 2 332 7 [ 63 84 231 315 336 357 ] [ 0.59 0.92 1.32 0.97 1.60 0.70 0.49 ]
57 58 2 324 7 [ 126 189 273 315 336 357 ] [ 0.40 0.86 1.25 0.86 1.06 1.00 0.63 ]
58 57 2 324 7 [ 63 189 294 315 357 378 ] [ 0.60 0.62 1.42 1.22 1.05 0.69 0.63 ]
58 51 3 502 7 [ 63 210 252 336 357 399 ] [ 0.47 0.82 1.30 0.74 1.35 0.83 0.60 ]
51 58 3 502 7 [ 63 231 252 294 315 336 ] [ 0.57 0.97 1.36 1.03 1.33 0.90 0.44 ]
58 59 2 358 7 [ 21 42 105 126 210 273 ] [ 0.62 0.95 1.11 1.01 1.42 0.69 0.44 ]
59 58 2 358 7 [ 63 105 147 231 294 399 ] [ 0.70 0.65 1.55 1.16 1.31 0.61 0.51 ]
50 59 5 1076 7 [ 63 231 294 336 357 378 ] [ 0.65 0.89 1.16 1.00 1.34 0.91 0.68 ]
59 50 5 1076 7 [ 21 84 105 126 273 336 ] [ 0.54 0.95 1.38 0.92 1.37 0.75 0.63 ]
56 60 2 368 7 [ 105 126 210 294 336 378 ] [ 0.42 0.70 1.44 0.83 1.26 0.81 0.53 ]
60 56 2 368 7 [ 84 105 210 273 294 399 ] [ 0.55 0.67 1.09 0.88 1.02 0.86 0.42 ]
60 61 2 376 7 [ 105 189 336 357 378 399 ] [ 0.68 0.71 1.53 0.71 1.05 0.68 0.62 ]
61 60 2 376 7 [ 126 147 210 294 336 399 ] [ 0.43 0.78 1.18 1.04 1.47 1.00 0.56 ]
61 62 7 1669 7 [ 21 42 63 105 126 147 ] [ 0.70 0.67 1.46 1.10 1.44 0.83 0.69 ]
62 61 7 1669 7 [ 63 210 252 294 357 378 ] [ 0.41 0.86 1.05 0.70 1.29 0.60 0.60 ]
59 63 5 1123 7 [ 105 126 168 210 273 357 ] [ 0.42 0.87 1.43 0.88 1.57 0.92 0.41 ]
63 59 5 1123 7 [ 42 63 84 126 147 210 ] [ 0.69 0.66 1.41 0.89 1.04 0.88 0.40 ]
63 64 3 520 7 [ 42 63 105 147 273 378 ] [ 0.42 0.93 1.55 1.14 1.09 0.90 0.52 ]
64 63 3 520 7 [ 63 84 147 189 231 336 ] [ 0.41 0.92 1.48 1.29 1.05 0.88 0.59 ]
64 65 9 2332 7 [ 105 126 147 294 315 336 ] [ 0.70 0.93 1.09 1.24 1.18 0.96 0.51 ]
65 64 9 2332 7 [ 21 63 105 147 252 378 ] [ 0.68 0.67 1.03 1.27 1.40 1.00 0.64 ]
65 3 10 2562 7 [ 42 84 273 315 357 399 ] [ 0.69 0.74 1.14 1.01 1.56 0.99 0.51 ]
3 65 10 2562 7 [ 21 42 84 252 294 357 ] [ 0.49 0.69 1.37 1.11 1.38 0.80 0.61 ]
3 49 9 2191 7 [ 21 42 105 231 378 399 ] [ 0.53 0.79 1.11 1.26 1.38 0.81 0.64 ]
49 3 9 2191 7 [ 147 168 231 294 357 378 ] [ 0.43 0.95 1.37 0.84 1.15 0.92 0.66 ]
3 47 4 874 7 [ 42 63 168 231 273 357 ] [ 0.66 0.85 1.17 0.86 1.49 0.93 0.54 ]
47 3 4 874 7 [ 126 147 252 294 336 378 ] [ 0.46 0.60 1.16 0.96 1.31 0.67 0.43 ]
63 66 13 3301 7 [ 42 63 84 105 168 231 ] [ 0.41 1.00 1.40 1.19 1.03 0.68 0.51 ]
66 63 13 3301 7 [ 42 126 168 189 231 336 ] [ 0.40 0.87 1.44 0.92 1.57 0.96 0.43 ]
65 66 16 4023 7 [ 21 147 168 231 252 273 ] [ 0.41 0.73 1.59 0.90 1.50 0.75 0.57 ]
66 65 16 4023 7 [ 21 105 168 189 273 399 ] [ 0.70 0.75 1.40 1.09 1.48 0.73 0.55 ]
66 67 17 4409 7 [ 21 84 105 210 294 336 ] [ 0.48 0.94 1.26 0.80 1.58 0.95 0.58 ]
67 66 17 4409 7 [ 42 126 189 231 315 399 ] [ 0.66 0.90 1.02 1.01 1.50 0.62 0.46 ]
67 68 7 1781 7 [ 21 42 84 168 210 252 ] [ 0.69 0.65 1.00 0.84 1.35 0.61 0.57 ]
68 67 7 1781 7 [ 21 63 147 210 357 399 ] [ 0.61 0.90 1.51 0.73 1.42 0.81 0.48 ]
68 69 5 1101 7 [ 21 63 147 210 252 378 ] [ 0.45 0.87 1.41 0.84 1.36 0.73 0.52 ]
69 68 5 1101 7 [ 21 84 105 126 189 378 ] [ 0.54 0.92 1.22 0.89 1.17 0.80 0.59 ]
68 70 3 563 7 [ 105 189 273 336 378 399 ] [ 0.59 0.79 1.48 1.21 1.30 0.99 0.44 ]
70 68 3 563 7 [ 189 210 315 336 357 378 ] [ 0.52 0.82 1.28 1.25 1.13 0.98 0.51 ]
69 70 5 984 7 [ 21 126 231 273 336 357 ] [ 0.66 0.86 1.58 1.17 1.45 0.67 0.62 ]
70 69 5 984 7 [ 21 105 168 252 273 336 ] [ 0.65 0.79 1.10 0.98 1.04 0.73 0.44 ]
69 62 12 2931 7 [ 21 63 84 147 231 357 ] [ 0.64 0.64 1.23 1.28 1.00 0.66 0.53 ]
62 69 12 2931 7 [ 21 84 147 168 357 378 ] [ 0.53 0.89 1.24 1.28 1.33 0.87 0.57 ]
70 71 7 1613 7 [ 63 84 147 189 294 357 ] [ 0.53 0.71 1.25 0.81 1.40 0.68 0.56 ]
71 70 7 1613 7 [ 63 105 189 357 378 399 ] [ 0.54 0.65 1.13 0.88 1.35 0.77 0.61 ]
71 72 12 2954 7 [ 42 63 84 168 189 336 ] [ 0.44 0.67 1.56 1.08 1.20 0.96 0.53 ]
72 71 12 2954 7 [ 21 189 210 252 357 378 ] [ 0.50 0.80 1.07 0.82 1.11 0.99 0.41 ]
72 73 3 577 7 [ 42 63 105 168 252 315 ] [ 0.41 0.70 1.31 0.77 1.31 0.64 0.58 ]
73 72 3 577 7 [ 63 147 252 273 294 315 ] [ 0.65 0.85 1.20 0.86 1.59 0.76 0.69 ]
61 73 13 3309 7 [ 42 84 126 252 336 357 ] [ 0.59 0.80 1.60 0.93 1.59 0.98 0.63 ]
73 61 13 3309 7 [ 21 105 294 357 378 399 ] [ 0.53 0.92 1.03 0.86 1.22 0.78 0.47 ]
73 74 3 543 7 [ 21 105 168 189 252 336 ] [ 0.51 0.88 1.14 0.81 1.05 0.92 0.51 ]
74 73 3 543 7 [ 42 105 210 315 378 399 ] [ 0.48 0.75 1.25 1.12 1.52 1.00 0.70 ]
74 72 3 588 7 [ 42 63 147 168 315 357 ] [ 0.47 0.68 1.06 0.99 1.46 0.96 0.45 ]
72 74 3 588 7 [ 42 63 105 189 252 315 ] [ 0.50 0.90 1.15 1.21 1.17 0.86 0.62 ]
41 74 10 2479 7 [ 147 252 315 336 378 399 ] [ 0.61 0.66 1.48 0.77 1.21 0.66 0.50 ]
74 41 10 2479 7 [ 84 126 168 231 294 378 ] [ 0.47 0.82 1.45 0.81 1.03 0.61 0.69 ]
74 75 13 3247 7 [ 21 63 84 126 231 273 ] [ 0.68 0.89 1.24 1.05 1.57 0.94 0.49 ]
75 74 13 3247 7 [ 63 105 231 294 315 357 ] [ 0.44 0.87 1.28 1.11 1.35 0.98 0.66 ]
75 76 5 1169 7 [ 21 126 189 231 336 399 ] [ 0.45 0.85 1.32 1.01 1.02 0.81 0.66 ]
76 75 5 1169 7 [ 21 63 147 336 378 399 ] [ 0.41 0.98 1.30 1.14 1.05 0.78 0.70 ]
76 39 5 1022 7 [ 42 84 147 294 378 399 ] [ 0.47 0.65 1.34 0.96 1.44 0.78 0.44 ]
39 76 5 1022 7 [ 21 84 147 231 273 294 ] [ 0.54 0.93 1.17 1.03 1.38 0.82 0.46 ]
75 77 13 3457 7 [ 84 147 210 231 252 294 ] [ 0.49 0.68 1.47 0.89 1.60 0.69 0.63 ]
77 75 13 3457 7 [ 42 105 126 147 210 315 ] [ 0.65 0.78 1.09 0.78 1.08 0.71 0.41 ]
77 78 2 342 7 [ 63 126 147 210 273 357 ] [ 0.42 0.84 1.44 1.12 1.21 0.87 0.42 ]
78 77 2 342 7 [ 63 84 105 294 336 378 ] [ 0.56 0.85 1.02 0.99 1.19 0.67 0.60 ]
77 79 18 4719 7 [ 84 168 189 252 273 336 ] [ 0.40 0.67 1.26 0.84 1.11 0.99 0.46 ]
79 77 18 4719 7 [ 105 168 252 294 336 399 ] [ 0.55 0.94 1.20 1.13 1.44 0.72 0.43 ]
79 80 2 212 7 [ 21 42 63 168 231 252 ] [ 0.56 0.97 1.14 0.91 1.15 0.89 0.51 ]
80 79 2 212 7 [ 21 84 210 231 273 399 ] [ 0.53 0.85 1.18 1.29 1.24 0.68 0.68 ]
80 71 2 283 7 [ 21 42 105 168 273 399 ] [ 0.60 0.75 1.57 0.78 1.24 0.91 0.56 ]
71 80 2 283 7 [ 189 231 252 315 378 399 ] [ 0.50 0.61 1.14 1.10 1.46 0.91 0.64 ]
80 81 7 1725 7 [ 126 189 231 294 336 357 ] [ 0.41 0.66 1.33 1.20 1.37 0.62 0.55 ]
81 80 7 1725 7 [ 84 126 273 294 357 378 ] [ 0.65 0.94 1.48 1.14 1.12 0.65 0.66 ]
81 70 6 1274 7 [ 84 168 231 252 315 357 ] [ 0.47 0.94 1.43 0.92 1.54 0.99 0.63 ]
70 81 6 1274 7 [ 210 273 294 315 357 378 ] [ 0.65 0.94 1.17 1.20 1.16 0.86 0.55 ]
81 82 3 422 7 [ 42 84 126 168 231 315 ] [ 0.57 0.79 1.13 0.94 1.32 0.82 0.70 ]
82 81 3 422 7 [ 63 126 168 189 294 336 ] [ 0.50 0.74 1.51 0.74 1.06 0.80 0.57 ]
82 83 7 1671 7 [ 63 84 105 210 294 399 ] [ 0.66 0.90 1.11 1.01 1.10 0.96 0.52 ]
83 82 7 1671 7 [ 42 63 84 126 357 378 ] [ 0.66 0.73 1.48 1.21 1.09 0.72 0.43 ]
83 79 6 1294 7 [ 21 42 63 168 315 399 ] [ 0.63 0.84 1.22 1.27 1.54 0.61 0.48 ]
79 83 6 1294 7 [ 42 63 189 210 273 378 ] [ 0.60 0.80 1.20 0.93 1.25 0.81 0.57 ]
83 84 10 2384 7 [ 42 84 126 168 231 294 ] [ 0.57 0.71 1.19 0.74 1.26 0.81 0.51 ]
84 83 10 2384 7 [ 84 105 231 294 357 378 ] [ 0.57 0.62 1.43 1.14 1.33 0.63 0.69 ]
84 85 7 1607 7 [ 21 63 147 168 189 294 ] [ 0.70 0.90 1.26 0.71 1.03 0.66 0.64 ]
85 84 7 1607 7 [ 63 84 126 231 336 378 ] [ 0.43 0.81 1.58 0.72 1.46 0.98 0.64 ]
83 86 6 1479 7 [ 21 105 231 273 336 357 ] [ 0.40 0.62 1.56 1.29 1.53 0.89 0.50 ]
86 83 6 1479 7 [ 42 231 315 357 378 399 ] [ 0.60 0.78 1.25 1.09 1.06 0.97 0.56 ]
85 86 5 1041 7 [ 42 84 231 294 315 336 ] [ 0.47 0.68 1.02 0.74 1.59 0.61 0.66 ]
86 85 5 1041 7 [ 21 105 126 147 189 210 ] [ 0.43 0.63 1.30 1.25 1.30 1.00 0.43 ]
85 87 30 8010 7 [ 63 210 231 252 315 357 ] [ 0.48 0.81 1.52 1.01 1.41 0.94 0.69 ]
87 85 30 8010 7 [ 21 63 168 252 315 399 ] [ 0.59 0.83 1.13 0.85 1.31 0.86 0.48 ]
87 88 3 602 7 [ 21 84 231 294 357 399 ] [ 0.43 0.90 1.21 1.29 1.12 0.71 0.58 ]
88 87 3 602 7 [ 63 189 252 315 357 399 ] [ 0.48 0.74 1.51 0.99 1.44 0.74 0.47 ]
88 89 4 895 7 [ 21 42 105 252 273 378 ] [ 0.49 0.75 1.25 1.12 1.15 0.77 0.62 ]
89 88 4 895 7 [ 21 126 147 210 294 315 ] [ 0.66 0.73 1.06 1.24 1.25 0.63 0.56 ]
254 88 4 883 7 [ 63 105 126 168 294 399 ] [ 0.55 0.77 1.26 0.85 1.44 0.92 0.63 ]
88 254 4 883 7 [ 63 105 168 210 252 336 ] [ 0.42 0.71 1.07 1.06 1.15 0.83 0.47 ]
82 90 11 2892 7 [ 126 168 189 231 252 294 ] [ 0.43 0.92 1.11 0.95 1.34 0.75 0.51 ]
90 82 11 2892 7 [ 21 42 147 231 273 336 ] [ 0.64 0.72 1.22 1.12 1.06 0.63 0.47 ]
90 91 3 450 7 [ 63 210 252 315 336 378 ] [ 0.55 0.98 1.41 0.99 1.22 0.77 0.54 ]
91 90 3 450 7 [ 126 210 273 294 336 357 ] [ 0.44 0.66 1.21 0.71 1.07 0.81 0.58 ]
91 92 4 863 7 [ 42 168 252 273 315 336 ] [ 0.43 0.71 1.04 0.76 1.08 1.00 0.44 ]
92 91 4 863 7 [ 63 168 189 210 273 399 ] [ 0.43 0.64 1.44 0.74 1.20 0.98 0.60 ]
92 93 3 509 7 [ 84 147 168 210 231 336 ] [ 0.61 0.96 1.30 0.89 1.52 0.86 0.42 ]
93 92 3 509 7 [ 63 105 252 294 315 357 ] [ 0.45 0.96 1.26 1.05 1.09 0.96 0.44 ]
93 91 2 393 7 [ 21 63 105 252 273 315 ] [ 0.46 0.60 1.48 1.06 1.03 0.65 0.46 ]
91 93 2 393 7 [ 147 273 315 336 357 399 ] [ 0.53 0.64 1.08 1.01 1.14 0.76 0.57 ]
67 93 8 2070 7 [ 42 105 168 189 231 315 ] [ 0.56 0.63 1.22 0.89 1.30 0.62 0.57 ]
93 67 8 2070 7 [ 21 189 210 231 252 378 ] [ 0.49 0.73 1.44 1.27 1.47 0.81 0.65 ]
93 94 10 2463 7 [ 21 42 63 126 189 399 ] [ 0.52 1.00 1.18 1.27 1.07 0.72 0.48 ]
94 93 10 2463 7 [ 42 105 147 168 189 210 ] [ 0.62 0.75 1.30 0.89 1.35 0.76 0.53 ]
67 94 6 1390 7 [ 126 189 210 252 378 399 ] [ 0.46 0.66 1.50 0.84 1.46 0.75 0.46 ]
94 67 6 1390 7 [ 21 189 252 294 315 378 ] [ 0.46 0.72 1.07 1.14 1.01 0.63 0.43 ]
2 94 19 5069 7 [ 42 105 210 294 336 378 ] [ 0.69 0.65 1.51 0.94 1.39 0.98 0.69 ]
94 2 19 5069 7 [ 21 63 273 294 315 378 ] [ 0.58 0.73 1.44 0.88 1.46 0.87 0.63 ]
2 95 15 3831 7 [ 21 42 126 168 189 399 ] [ 0.61 0.76 1.28 1.07 1.53 0.94 0.60 ]
95 2 15 3831 7 [ 147 252 294 336 378 399 ] [ 0.51 0.62 1.06 0.76 1.14 0.65 0.52 ]
95 96 8 1948 7 [ 63 105 147 168 252 273 ] [ 0.45 0.87 1.57 1.28 1.30 0.76 0.60 ]
96 95 8 1948 7 [ 21 42 105 126 168 294 ] [ 0.41 0.70 1.49 1.29 1.53 0.95 0.58 ]
92 96 12 3062 7 [ 21 63 147 168 231 399 ] [ 0.69 0.67 1.56 0.92 1.38 0.98 0.44 ]
96 92 12 3062 7 [ 21 126 168 210 273 315 ] [ 0.47 0.70 1.17 0.77 1.47 0.91 0.58 ]
90 98 4 762 7 [ 21 189 210 252 294 315 ] [ 0.47 0.83 1.16 0.81 1.02 0.68 0.52 ]
98 90 4 762 7 [ 42 63 105 210 336 357 ] [ 0.58 0.82 1.14 0.73 1.50 0.93 0.47 ]
97 98 17 4437 7 [ 21 42 63 126 336 357 ] [ 0.51 0.75 1.53 1.16 1.17 0.61 0.55 ]
98 97 17 4437 7 [ 63 84 105 126 210 231 ] [ 0.58 0.64 1.07 0.96 1.00 0.91 0.70 ]
96 97 2 400 7 [ 21 63 189 273 294 378 ] [ 0.56 0.82 1.17 0.89 1.33 0.84 0.57 ]
97 96 2 400 7 [ 63 126 252 273 294 336 ] [ 0.47 0.60 1.07 1.00 1.54 0.78 0.58 ]
95 99 14 3661 7 [ 147 210 231 294 336 357 ] [ 0.67 0.97 1.36 0.81 1.02 0.92 0.43 ]
99 95 14 3661 7 [ 63 126 168 273 294 315 ] [ 0.59 0.69 1.48 0.73 1.46 0.80 0.40 ]
99 1 7 1562 7 [ 42 147 168 252 294 315 ] [ 0.43 0.87 1.49 1.04 1.16 0.89 0.60 ]
1 99 7 1562 7 [ 105 147 168 189 210 378 ] [ 0.57 0.83 1.25 1.18 1.18 0.83 0.53 ]
86 100 6 1423 7 [ 105 168 189 315 336 399 ] [ 0.68 0.78 1.03 0.70 1.28 0.96 0.50 ]
100 86 6 1423 7 [ 63 105 189 210 231 252 ] [ 0.60 0.64 1.38 0.98 1.07 0.69 0.53 ]
100 101 4 715 7 [ 21 63 210 231 294 336 ] [ 0.41 0.89 1.41 0.74 1.43 0.79 0.64 ]
101 100 4 715 7 [ 21 42 84 168 252 315 ] [ 0.57 0.71 1.38 0.73 1.56 0.91 0.42 ]
101 102 3 572 7 [ 63 126 168 210 252 378 ] [ 0.58 0.63 1.50 1.10 1.11 0.85 0.59 ]
102 101 3 572 7 [ 21 210 231 252 273 357 ] [ 0.54 0.88 1.58 0.78 1.19 0.72 0.58 ]
102 103 11 2681 7 [ 21 42 168 273 336 399 ] [ 0.48 0.70 1.43 0.81 1.41 1.00 0.61 ]
103 102 11 2681 7 [ 84 189 252 315 336 399 ] [ 0.46 0.81 1.37 1.13 1.11 0.81 0.69 ]
103 104 6 1298 7 [ 21 105 231 315 336 357 ] [ 0.57 0.71 1.40 1.07 1.24 0.83 0.43 ]
104 103 6 1298 7 [ 168 210 294 315 336 378 ] [ 0.46 0.70 1.03 0.72 1.13 0.80 0.62 ]
104 105 6 1451 7 [ 105 210 231 357 378 399 ] [ 0.52 0.81 1.31 0.97 1.44 0.86 0.64 ]
105 104 6 1451 7 [ 84 168 252 273 315 378 ] [ 0.68 0.61 1.24 0.80 1.36 0.68 0.51 ]
104 106 5 982 7 [ 105 147 273 336 357 378 ] [ 0.55 0.83 1.58 0.72 1.08 0.80 0.44 ]
106 104 5 982 7 [ 21 63 84 126 168 336 ] [ 0.66 0.76 1.56 0.72 1.31 0.60 0.53 ]
106 107 3 497 7 [ 42 63 126 315 336 399 ] [ 0.48 0.86 1.29 1.22 1.46 0.61 0.55 ]
107 106 3 497 7 [ 42 126 189 210 315 336 ] [ 0.50 0.68 1.58 1.11 1.48 0.64 0.56 ]
107 105 3 630 7 [ 42 147 168 252 336 357 ] [ 0.44 0.98 1.47 0.93 1.27 0.92 0.59 ]
105 107 3 630 7 [ 63 84 126 231 252 336 ] [ 0.55 0.94 1.19 0.75 1.59 0.79 0.45 ]
107 108 6 1268 7 [ 42 84 231 252 315 357 ] [ 0.44 0.98 1.47 0.78 1.22 0.80 0.63 ]
108 107 6 1268 7 [ 42 189 273 336 357 399 ] [ 0.52 0.90 1.29 0.95 1.30 0.96 0.44 ]
106 108 5 1078 7 [ 21 84 126 189 336 399 ] [ 0.42 0.85 1.23 0.91 1.51 0.64 0.43 ]
108 106 5 1078 7 [ 42 105 210 231 315 399 ] [ 0.56 0.78 1.54 1.09 1.12 0.64 0.43 ]
108 109 7 1724 7 [ 126 210 252 273 336 399 ] [ 0.69 0.82 1.20 1.01 1.39 0.67 0.45 ]
109 108 7 1724 7 [ 42 63 126 189 315 336 ] [ 0.45 0.77 1.47 1.27 1.54 0.75 0.53 ]
101 110 3 436 7 [ 84 126 231 294 357 378 ] [ 0.58 0.65 1.27 0.99 1.48 0.99 0.40 ]
110 101 3 436 7 [ 63 84 189 210 273 378 ] [ 0.63 0.81 1.44 1.28 1.15 0.80 0.67 ]
110 102 2 212 7 [ 21 42 168 189 357 399 ] [ 0.68 0.89 1.05 0.88 1.42 0.67 0.54 ]
102 110 2 212 7 [ 42 63 126 273 294 315 ] [ 0.66 0.62 1.53 0.87 1.01 0.79 0.56 ]
100 111 13 3207 7 [ 63 147 252 336 357 399 ] [ 0.57 0.79 1.12 1.15 1.49 0.75 0.61 ]
111 100 13 3207 7 [ 84 105 126 273 294 357 ] [ 0.47 0.83 1.11 0.76 1.29 0.64 0.56 ]
111 112 3 580 7 [ 42 63 84 105 294 336 ] [ 0.47 0.85 1.24 0.76 1.13 0.82 0.68 ]
112 111 3 580 7 [ 105 147 189 210 273 357 ] [ 0.46 0.71 1.34 0.99 1.06 0.85 0.40 ]
112 113 5 1204 7 [ 21 168 189 231 252 273 ] [ 0.65 0.90 1.06 0.98 1.23 0.74 0.43 ]
113 112 5 1204 7 [ 21 42 105 126 357 399 ] [ 0.59 0.89 1.34 0.92 1.13 0.88 0.65 ]
110 113 8 2014 7 [ 21 84 126 294 378 399 ] [ 0.57 0.95 1.30 1.25 1.21 0.61 0.45 ]
113 110 8 2014 7 [ 105 126 168 252 273 336 ] [ 0.65 0.79 1.29 0.71 1.17 0.77 0.63 ]
103 113 12 3092 7 [ 42 147 231 252 294 378 ] [ 0.68 0.90 1.02 1.10 1.29 0.71 0.50 ]
113 103 12 3092 7 [ 126 168 210 231 294 399 ] [ 0.45 0.71 1.36 1.19 1.05 0.79 0.69 ]
112 114 9 2331 7 [ 42 105 126 189 273 357 ] [ 0.48 0.93 1.40 1.19 1.14 0.96 0.61 ]
114 112 9 2331 7 [ 42 189 231 273 336 357 ] [ 0.48 0.87 1.22 0.89 1.51 0.79 0.62 ]
98 111 10 2533 7 [ 147 210 273 294 336 357 ] [ 0.52 0.74 1.12 0.75 1.12 0.92 0.62 ]
111 98 10 2533 7 [ 63 84 189 210 252 357 ] [ 0.44 0.72 1.44 1.06 1.07 0.65 0.64 ]
114 98 8 1971 7 [ 63 147 210 273 315 357 ] [ 0.68 0.69 1.20 1.19 1.00 0.76 0.56 ]
98 114 8 1971 7 [ 21 210 294 336 357 399 ] [ 0.48 0.67 1.60 1.01 1.23 0.69 0.66 ]
114 115 2 304 7 [ 42 84 105 210 336 378 ] [ 0.68 0.77 1.02 0.92 1.48 0.87 0.59 ]
115 114 2 304 7 [ 147 168 231 315 357 399 ] [ 0.65 0.61 1.09 1.28 1.42 0.91 0.64 ]
115 116 19 4996 7 [ 42 63 168 294 336 399 ] [ 0.46 0.62 1.35 1.15 1.37 0.74 0.56 ]
116 115 19 4996 7 [ 63 126 147 273 315 336 ] [ 0.50 0.66 1.53 0.76 1.08 0.64 0.52 ]
105 117 6 1300 7 [ 42 168 315 336 357 378 ] [ 0.53 0.84 1.02 1.19 1.43 0.93 0.62 ]
117 105 6 1300 7 [ 42 147 231 294 357 399 ] [ 0.65 0.98 1.30 1.01 1.09 0.69 0.68 ]
116 117 9 2279 7 [ 21 147 189 210 336 357 ] [ 0.57 0.69 1.59 0.99 1.16 0.74 0.52 ]
117 116 9 2279 7 [ 105 189 210 252 357 399 ] [ 0.62 0.61 1.20 0.98 1.21 0.95 0.46 ]
117 118 15 3922 7 [ 105 126 147 210 273 357 ] [ 0.48 0.66 1.14 0.81 1.08 0.91 0.66 ]
118 117 15 3922 7 [ 42 105 168 231 315 336 ] [ 0.67 0.92 1.60 1.11 1.60 0.96 0.60 ]
116 118 3 691 7 [ 63 126 168 336 357 378 ] [ 0.57 0.97 1.17 1.14 1.47 0.93 0.41 ]
118 116 3 691 7 [ 42 105 147 168 210 252 ] [ 0.66 0.63 1.59 1.25 1.50 0.82 0.57 ]
118 119 26 7060 7 [ 63 84 147 189 357 378 ] [ 0.46 0.73 1.07 0.80 1.31 0.74 0.53 ]
119 118 26 7060 7 [ 42 63 168 189 336 399 ] [ 0.55 0.62 1.44 1.08 1.01 0.90 0.54 ]
116 120 12 3157 7 [ 42 105 168 231 252 336 ] [ 0.46 0.99 1.03 1.11 1.33 0.66 0.50 ]
120 116 12 3157 7 [ 21 63 84 147 315 399 ] [ 0.56 0.83 1.41 1.27 1.40 0.77 0.61 ]
120 121 11 2760 7 [ 21 147 189 231 336 399 ] [ 0.55 0.65 1.05 0.72 1.41 0.83 0.44 ]
121 120 11 2760 7 [ 42 63 231 252 378 399 ] [ 0.64 0.66 1.17 1.28 1.05 0.83 0.60 ]
121 122 4 843 7 [ 21 210 273 315 378 399 ] [ 0.46 0.94 1.56 1.24 1.19 0.63 0.52 ]
122 121 4 843 7 [ 21 42 63 189 210 273 ] [ 0.45 0.61 1.38 1.27 1.27 0.63 0.61 ]
115 122 17 4529 7 [ 42 63 147 210 294 336 ] [ 0.52 0.83 1.08 0.73 1.52 0.65 0.42 ]
122 115 17 4529 7 [ 42 63 105 126 147 315 ] [ 0.64 0.80 1.52 0.83 1.23 0.62 0.58 ]
121 123 4 910 7 [ 21 63 105 210 315 399 ] [ 0.58 0.93 1.54 0.81 1.39 0.67 0.62 ]
123 121 4 910 7 [ 84 147 168 273 294 336 ] [ 0.52 0.83 1.12 0.99 1.11 0.71 0.60 ]
122 123 3 542 7 [ 21 63 126 210 252 399 ] [ 0.67 0.85 1.55 1.03 1.55 0.88 0.69 ]
123 122 3 542 7 [ 21 84 210 231 294 357 ] [ 0.70 0.74 1.28 0.76 1.52 0.82 0.56 ]
123 124 6 1486 7 [ 21 105 252 315 336 399 ] [ 0.47 0.72 1.14 0.87 1.04 0.83 0.53 ]
124 123 6 1486 7 [ 42 105 210 273 315 357 ] [ 0.63 0.82 1.25 0.81 1.15 0.63 0.51 ]
124 125 3 490 7 [ 42 168 252 273 294 357 ] [ 0.51 0.61 1.21 0.74 1.05 0.84 0.40 ]
125 124 3 490 7 [ 126 189 252 273 315 378 ] [ 0.54 0.81 1.05 0.89 1.28 0.85 0.51 ]
125 126 7 1720 7 [ 147 252 273 315 378 399 ] [ 0.42 0.81 1.31 0.94 1.27 0.97 0.59 ]
126 125 7 1720 7 [ 63 126 147 189 273 336 ] [ 0.58 0.92 1.09 0.91 1.41 0.89 0.44 ]
97 126 14 3483 7 [ 63 84 126 147 168 252 ] [ 0.52 0.76 1.23 0.84 1.54 0.88 0.42 ]
126 97 14 3483 7 [ 42 189 273 294 315 378 ] [ 0.61 0.93 1.12 1.09 1.18 0.66 0.52 ]
126 127 4 904 7 [ 63 147 168 231 273 315 ] [ 0.44 0.61 1.49 0.92 1.29 0.86 0.69 ]
127 126 4 904 7 [ 63 126 168 231 315 399 ] [ 0.56 0.87 1.03 0.89 1.01 0.66 0.65 ]
127 128 2 304 7 [ 63 84 105 126 189 357 ] [ 0.58 0.72 1.12 1.09 1.34 0.88 0.64 ]
128 127 2 304 7 [ 63 147 231 273 336 357 ] [ 0.64 0.61 1.24 1.10 1.42 0.77 0.56 ]
128 129 4 708 7 [ 21 63 147 168 273 399 ] [ 0.56 0.89 1.23 0.73 1.57 0.89 0.55 ]
129 128 4 708 7 [ 168 189 210 273 357 378 ] [ 0.41 0.95 1.15 1.11 1.45 0.79 0.42 ]
129 130 9 2233 7 [ 42 168 210 273 336 357 ] [ 0.52 0.71 1.08 1.21 1.53 0.62 0.66 ]
130 129 9 2233 7 [ 42 126 252 273 294 399 ] [ 0.44 0.71 1.10 1.14 1.50 0.84 0.69 ]
130 99 3 506 7 [ 63 84 126 168 252 378 ] [ 0.51 0.61 1.14 1.12 1.33 0.84 0.47 ]
99 130 3 506 7 [ 21 105 168 210 231 273 ] [ 0.58 0.65 1.31 1.02 1.06 0.83 0.57 ]
131 99 3 572 7 [ 21 42 63 189 210 357 ] [ 0.66 0.97 1.39 0.75 1.51 0.69 0.45 ]
99 131 3 572 7 [ 21 84 147 273 315 378 ] [ 0.66 0.85 1.04 0.87 1.24 0.88 0.41 ]
131 130 2 305 7 [ 42 105 168 189 357 378 ] [ 0.49 0.92 1.21 0.94 1.46 0.98 0.43 ]
130 131 2 305 7 [ 63 126 168 294 357 399 ] [ 0.56 0.62 1.21 1.20 1.32 0.88 0.52 ]
131 132 8 2066 7 [ 147 168 210 231 252 273 ] [ 0.59 0.93 1.46 1.25 1.30 0.91 0.42 ]
132 131 8 2066 7 [ 21 105 126 231 294 336 ] [ 0.51 0.98 1.56 1.30 1.58 0.77 0.50 ]
132 133 2 272 7 [ 63 105 126 168 189 378 ] [ 0.66 0.71 1.13 0.73 1.17 0.82 0.70 ]
133 132 2 272 7 [ 21 84 105 168 231 294 ] [ 0.49 0.85 1.32 1.26 1.16 0.66 0.66 ]
132 134 7 1588 7 [ 126 147 210 231 252 357 ] [ 0.59 0.75 1.18 0.76 1.29 0.89 0.64 ]
134 132 7 1588 7 [ 84 105 189 231 294 336 ] [ 0.46 0.69 1.51 1.22 1.43 0.90 0.44 ]
134 135 7 1753 7 [ 105 231 294 315 336 357 ] [ 0.63 0.70 1.39 1.12 1.23 0.82 0.49 ]
135 134 7 1753 7 [ 21 189 231 294 357 378 ] [ 0.60 0.79 1.48 1.30 1.29 0.83 0.40 ]
135 136 6 1378 7 [ 21 84 168 315 336 399 ] [ 0.45 0.98 1.29 0.86 1.01 0.97 0.70 ]
136 135 6 1378 7 [ 147 168 210 231 252 399 ] [ 0.66 0.99 1.14 1.29 1.28 0.96 0.68 ]
136 129 3 547 7 [ 42 63 84 126 168 273 ] [ 0.45 0.65 1.43 0.74 1.54 0.97 0.69 ]
129 136 3 547 7 [ 42 105 210 252 273 357 ] [ 0.62 0.82 1.51 1.19 1.46 0.99 0.46 ]
136 137 2 224 7 [ 63 84 147 210 252 336 ] [ 0.54 0.63 1.48 1.00 1.08 0.74 0.48 ]
137 136 2 224 7 [ 21 147 189 231 252 357 ] [ 0.44 0.97 1.31 1.12 1.37 0.80 0.53 ]
137 138 2 251 7 [ 42 168 189 210 294 336 ] [ 0.67 0.98 1.22 1.14 1.20 0.78 0.69 ]
138 137 2 251 7 [ 21 126 210 252 273 315 ] [ 0.49 0.85 1.17 1.01 1.28 0.81 0.68 ]
137 128 3 424 7 [ 63 147 168 273 294 336 ] [ 0.62 0.68 1.50 1.05 1.33 0.70 0.54 ]
128 137 3 424 7 [ 84 231 273 294 336 378 ] [ 0.49 0.73 1.54 1.13 1.10 0.81 0.40 ]
138 127 3 589 7 [ 147 168 273 294 336 357 ] [ 0.55 0.96 1.12 0.88 1.17 0.77 0.49 ]
127 138 3 589 7 [ 63 105 168 189 231 378 ] [ 0.61 0.92 1.57 0.86 1.58 0.80 0.62 ]
138 139 4 772 7 [ 42 84 126 147 189 378 ] [ 0.50 0.61 1.10 1.11 1.45 0.68 0.65 ]
139 138 4 772 7 [ 21 126 273 336 378 399 ] [ 0.64 0.97 1.49 1.21 1.42 0.75 0.46 ]
139 140 5 1138 7 [ 21 84 189 294 315 336 ] [ 0.46 0.71 1.16 1.11 1.13 0.71 0.45 ]
140 139 5 1138 7 [ 42 84 105 147 168 231 ] [ 0.67 0.83 1.29 1.17 1.22 0.84 0.44 ]
139 141 2 394 7 [ 21 42 126 168 189 399 ] [ 0.57 0.63 1.11 0.99 1.18 0.97 0.47 ]
141 139 2 394 7 [ 21 84 210 231 294 399 ] [ 0.42 0.74 1.55 0.72 1.28 0.96 0.63 ]
140 141 6 1308 7 [ 21 105 126 189 231 399 ] [ 0.53 0.93 1.45 0.96 1.52 0.65 0.59 ]
141 140 6 1308 7 [ 84 126 210 231 378 399 ] [ 0.47 0.79 1.44 1.03 1.45 0.70 0.46 ]
141 142 36 9647 7 [ 84 126 147 210 294 378 ] [ 0.63 0.68 1.09 1.29 1.15 0.82 0.60 ]
142 141 36 9647 7 [ 63 84 126 168 273 315 ] [ 0.42 0.68 1.27 0.72 1.19 0.63 0.46 ]
142 143 11 2703 7 [ 42 147 168 189 273 399 ] [ 0.53 0.82 1.09 0.95 1.55 0.71 0.48 ]
143 142 11 2703 7 [ 84 126 210 273 294 336 ] [ 0.51 0.82 1.31 1.26 1.15 0.62 0.45 ]
142 144 6 1451 7 [ 84 105 147 168 252 336 ] [ 0.46 0.96 1.44 1.09 1.53 0.77 0.67 ]
144 142 6 1451 7 [ 42 147 210 252 273 315 ] [ 0.58 0.67 1.25 0.82 1.02 0.97 0.52 ]
144 145 13 3385 7 [ 21 168 189 231 252 357 ] [ 0.68 0.98 1.29 0.96 1.30 0.95 0.66 ]
145 144 13 3385 7 [ 105 168 294 315 357 399 ] [ 0.48 0.61 1.21 0.74 1.40 0.80 0.53 ]
135 145 3 604 7 [ 42 63 84 126 252 378 ] [ 0.45 0.73 1.17 0.88 1.52 0.91 0.45 ]
145 135 3 604 7 [ 21 189 231 273 294 357 ] [ 0.52 0.90 1.35 0.99 1.49 0.95 0.42 ]
145 146 8 1812 7 [ 105 126 210 252 294 399 ] [ 0.47 0.93 1.58 1.05 1.05 0.73 0.59 ]
146 145 8 1812 7 [ 63 231 273 315 357 378 ] [ 0.50 0.87 1.37 1.09 1.11 0.62 0.62 ]
134 146 6 1406 7 [ 63 84 168 189 273 336 ] [ 0.60 0.80 1.48 0.78 1.22 0.66 0.51 ]
146 134 6 1406 7 [ 42 84 126 147 273 294 ] [ 0.54 0.68 1.51 0.99 1.38 0.92 0.52 ]
146 147 7 1533 7 [ 126 168 231 294 336 378 ] [ 0.57 0.68 1.14 1.14 1.06 0.83 0.63 ]
147 146 7 1533 7 [ 21 105 210 231 336 378 ] [ 0.43 0.82 1.21 0.98 1.14 0.92 0.50 ]
147 148 4 697 7 [ 126 147 168 189 252 315 ] [ 0.57 0.70 1.19 0.95 1.05 0.91 0.69 ]
148 147 4 697 7 [ 42 147 168 294 378 399 ] [ 0.53 0.67 1.41 1.07 1.43 0.92 0.63 ]
144 147 4 796 7 [ 84 231 315 336 357 378 ] [ 0.61 0.94 1.37 1.03 1.28 1.00 0.65 ]
147 144 4 796 7 [ 21 42 63 273 315 357 ] [ 0.45 0.71 1.48 0.93 1.23 0.85 0.58 ]
140 149 3 547 7 [ 21 105 126 210 273 378 ] [ 0.51 0.70 1.18 0.77 1.15 0.80 0.58 ]
149 140 3 547 7 [ 63 84 147 273 336 399 ] [ 0.59 0.72 1.32 0.97 1.36 0.74 0.43 ]
149 125 4 842 7 [ 126 168 210 231 273 357 ] [ 0.54 0.68 1.53 1.07 1.37 0.87 0.44 ]
125 149 4 842 7 [ 147 189 252 315 357 399 ] [ 0.64 0.85 1.53 0.81 1.17 0.97 0.63 ]
149 124 4 881 7 [ 105 147 273 294 315 357 ] [ 0.65 0.83 1.19 1.30 1.43 0.80 0.57 ]
124 149 4 881 7 [ 42 63 210 231 252 378 ] [ 0.61 0.88 1.57 0.80 1.46 0.89 0.42 ]
149 150 2 364 7 [ 42 147 273 294 315 378 ] [ 0.55 0.82 1.12 1.23 1.01 0.76 0.56 ]
150 149 2 364 7 [ 147 168 210 252 294 378 ] [ 0.61 0.73 1.31 1.21 1.47 0.88 0.49 ]
254 149 3 477 7 [ 63 84 147 168 294 399 ] [ 0.54 0.90 1.24 1.13 1.44 0.78 0.63 ]
149 254 3 477 7 [ 105 147 189 252 294 399 ] [ 0.63 0.82 1.43 1.03 1.19 1.00 0.63 ]
150 151 4 736 7 [ 21 42 84 126 147 357 ] [ 0.65 0.95 1.04 0.92 1.29 0.97 0.67 ]
151 150 4 736 7 [ 84 147 231 294 315 336 ] [ 0.58 0.68 1.05 1.10 1.54 0.65 0.62 ]
151 124 5 971 7 [ 63 84 105 168 336 378 ] [ 0.60 0.94 1.05 1.00 1.45 0.62 0.64 ]
124 151 5 971 7 [ 21 42 84 105 189 294 ] [ 0.60 0.62 1.27 0.72 1.30 0.90 0.64 ]
150 152 6 1253 7 [ 84 105 126 147 189 336 ] [ 0.65 0.80 1.49 1.16 1.27 0.92 0.64 ]
152 150 6 1253 7 [ 21 42 147 168 189 210 ] [ 0.51 0.68 1.26 0.72 1.27 0.69 0.64 ]
151 152 3 636 7 [ 21 105 147 294 315 399 ] [ 0.49 0.93 1.58 1.07 1.21 0.74 0.47 ]
152 151 3 636 7 [ 21 42 84 168 210 231 ] [ 0.46 0.72 1.06 0.86 1.43 0.70 0.66 ]
152 153 3 500 7 [ 42 168 189 231 252 378 ] [ 0.47 0.67 1.36 0.77 1.18 0.93 0.61 ]
153 152 3 500 7 [ 84 147 210 294 336 399 ] [ 0.65 0.80 1.15 1.07 1.16 0.67 0.46 ]
151 154 10 2376 7 [ 84 105 126 231 315 336 ] [ 0.49 0.89 1.30 0.84 1.15 0.60 0.50 ]
154 151 10 2376 7 [ 21 63 84 210 273 378 ] [ 0.56 0.85 1.29 0.78 1.34 0.99 0.60 ]
120 154 17 4308 7 [ 63 126 147 189 210 273 ] [ 0.46 0.93 1.12 1.05 1.40 0.66 0.67 ]
154 120 17 4308 7 [ 63 84 105 210 252 336 ] [ 0.53 0.77 1.15 1.15 1.32 0.95 0.50 ]
154 155 9 2120 7 [ 63 168 294 315 357 399 ] [ 0.68 0.78 1.44 1.12 1.06 0.61 0.54 ]
155 154 9 2120 7 [ 84 105 126 231 315 357 ] [ 0.57 0.70 1.06 0.87 1.52 0.77 0.51 ]
155 156 6 1295 7 [ 21 63 84 231 294 378 ] [ 0.47 0.93 1.45 1.13 1.30 0.74 0.40 ]
156 155 6 1295 7 [ 21 84 147 189 210 357 ] [ 0.53 0.66 1.04 1.05 1.41 0.77 0.47 ]
153 156 12 3174 7 [ 42 63 105 210 252 399 ] [ 0.41 0.92 1.12 1.10 1.32 0.79 0.50 ]
156 153 12 3174 7 [ 63 189 252 273 294 357 ] [ 0.63 0.64 1.36 0.80 1.25 0.61 0.52 ]
153 157 7 1764 7 [ 21 42 105 126 294 315 ] [ 0.60 0.99 1.54 1.09 1.45 0.79 0.62 ]
157 153 7 1764 7 [ 21 42 63 84 210 336 ] [ 0.42 0.74 1.43 0.77 1.01 0.97 0.50 ]
157 158 2 334 7 [ 126 189 252 294 378 399 ] [ 0.55 0.97 1.19 0.99 1.38 0.70 0.53 ]
158 157 2 334 7 [ 63 84 147 252 294 399 ] [ 0.40 0.75 1.38 0.73 1.09 1.00 0.41 ]
157 159 7 1652 7 [ 126 168 189 210 336 357 ] [ 0.64 0.75 1.15 1.19 1.15 0.92 0.50 ]
159 157 7 1652 7 [ 63 84 105 252 273 315 ] [ 0.59 0.97 1.19 1.17 1.29 0.69 0.50 ]
158 159 5 1090 7 [ 21 126 168 210 273 378 ] [ 0.57 0.85 1.13 1.14 1.17 0.75 0.68 ]
159 158 5 1090 7 [ 126 189 210 231 252 315 ] [ 0.62 0.94 1.43 0.98 1.09 0.61 0.40 ]
158 160 20 5318 7 [ 21 147 231 294 378 399 ] [ 0.54 0.71 1.51 0.99 1.11 0.86 0.45 ]
160 158 20 5318 7 [ 21 147 231 315 336 399 ] [ 0.65 0.89 1.27 0.77 1.50 0.86 0.64 ]
155 161 8 1937 7 [ 63 105 126 231 273 336 ] [ 0.45 0.60 1.14 0.88 1.23 0.88 0.45 ]
161 155 8 1937 7 [ 42 84 126 168 189 336 ] [ 0.66 0.77 1.21 1.01 1.13 0.70 0.49 ]
161 119 3 528 7 [ 21 84 315 336 357 399 ] [ 0.61 0.92 1.16 0.81 1.20 0.91 0.52 ]
119 161 3 528 7 [ 63 105 210 252 336 399 ] [ 0.60 0.73 1.60 1.25 1.24 0.69 0.42 ]
161 162 10 2444 7 [ 42 105 126 189 210 252 ] [ 0.44 0.93 1.10 1.17 1.27 0.84 0.56 ]
162 161 10 2444 7 [ 21 84 105 168 189 336 ] [ 0.53 0.63 1.52 1.02 1.39 0.96 0.68 ]
156 162 9 2208 7 [ 42 105 168 189 294 378 ] [ 0.46 0.99 1.23 1.16 1.37 0.94 0.62 ]
162 156 9 2208 7 [ 21 63 126 210 231 357 ] [ 0.66 0.87 1.29 0.94 1.27 1.00 0.58 ]
156 160 16 4163 7 [ 63 84 105 210 378 399 ] [ 0.52 0.98 1.36 0.91 1.50 0.70 0.64 ]
160 156 16 4163 7 [ 21 105 189 210 252 294 ] [ 0.68 0.62 1.32 1.01 1.39 0.80 0.62 ]
160 163 3 650 7 [ 21 126 147 231 294 357 ] [ 0.59 0.81 1.49 0.93 1.59 0.75 0.61 ]
163 160 3 650 7 [ 42 63 126 252 357 378 ] [ 0.45 0.73 1.05 1.16 1.16 0.76 0.42 ]
163 164 4 783 7 [ 84 105 147 231 315 399 ] [ 0.66 0.99 1.12 1.15 1.49 0.72 0.46 ]
164 163 4 783 7 [ 84 105 126 147 294 378 ] [ 0.40 0.91 1.41 1.19 1.42 0.74 0.50 ]
160 164 3 567 7 [ 189 210 231 252 273 294 ] [ 0.53 0.84 1.09 1.12 1.30 0.61 0.54 ]
164 160 3 567 7 [ 42 63 84 126 294 315 ] [ 0.63 0.76 1.36 0.79 1.51 0.97 0.51 ]
164 165 5 1114 7 [ 21 63 84 189 231 273 ] [ 0.54 0.89 1.59 0.74 1.29 0.66 0.45 ]
165 164 5 1114 7 [ 105 147 189 210 336 378 ] [ 0.48 0.87 1.49 1.00 1.43 0.70 0.64 ]
165 166 5 1191 7 [ 21 126 168 336 378 399 ] [ 0.53 0.68 1.19 1.03 1.17 0.95 0.43 ]
166 165 5 1191 7 [ 189 210 273 336 357 399 ] [ 0.62 0.69 1.53 1.25 1.45 0.62 0.51 ]
166 162 3 638 7 [ 63 147 210 252 357 399 ] [ 0.68 0.63 1.33 0.74 1.17 0.78 0.51 ]
162 166 3 638 7 [ 105 126 147 168 273 378 ] [ 0.63 0.75 1.25 0.73 1.57 0.81 0.69 ]
166 167 4 906 7 [ 21 63 84 168 315 399 ] [ 0.59 0.93 1.52 1.29 1.19 0.80 0.48 ]
167 166 4 906 7 [ 21 42 63 105 168 294 ] [ 0.52 0.73 1.11 0.80 1.44 0.84 0.53 ]
162 167 6 1474 7 [ 21 42 105 147 294 399 ] [ 0.69 0.63 1.17 0.94 1.04 0.70 0.56 ]
167 162 6 1474 7 [ 42 63 126 168 294 357 ] [ 0.55 0.96 1.56 1.14 1.51 0.93 0.62 ]
163 168 25 6561 7 [ 63 84 168 273 315 357 ] [ 0.56 0.80 1.16 1.05 1.13 0.88 0.66 ]
168 163 25 6561 7 [ 189 210 231 336 357 399 ] [ 0.56 0.85 1.35 1.01 1.29 0.61 0.68 ]
119 169 13 3454 7 [ 63 84 105 126 168 336 ] [ 0.66 0.96 1.03 1.27 1.01 0.77 0.57 ]
169 119 13 3454 7 [ 63 126 168 210 273 336 ] [ 0.51 0.94 1.40 0.98 1.37 0.66 0.42 ]
169 170 5 971 7 [ 42 63 147 168 189 336 ] [ 0.66 0.90 1.24 0.85 1.03 0.61 0.67 ]
170 169 5 971 7 [ 168 189 210 336 378 399 ] [ 0.64 0.95 1.35 1.00 1.11 0.97 0.61 ]
170 171 4 886 7 [ 84 252 294 315 336 399 ] [ 0.67 0.69 1.28 0.76 1.08 0.63 0.51 ]
171 170 4 886 7 [ 84 105 147 189 273 336 ] [ 0.66 0.88 1.31 0.85 1.40 0.96 0.46 ]
171 172 3 430 7 [ 21 63 168 210 294 378 ] [ 0.66 1.00 1.17 1.08 1.18 0.80 0.49 ]
172 171 3 430 7 [ 21 42 84 231 273 378 ] [ 0.68 0.90 1.16 1.07 1.21 0.99 0.42 ]
170 254 5 1041 7 [ 105 189 231 273 294 336 ] [ 0.46 0.89 1.27 1.29 1.38 0.80 0.51 ]
254 170 5 1041 7 [ 84 105 126 315 378 399 ] [ 0.68 0.64 1.18 1.00 1.46 0.85 0.60 ]
169 173 18 4804 7 [ 126 147 168 231 273 336 ] [ 0.47 0.84 1.38 0.71 1.56 0.62 0.52 ]
173 169 18 4804 7 [ 147 168 294 315 357 399 ] [ 0.41 0.88 1.31 0.99 1.26 0.89 0.48 ]
165 174 4 696 7 [ 42 147 168 231 336 399 ] [ 0.44 0.91 1.44 1.23 1.37 0.88 0.47 ]
174 165 4 696 7 [ 21 105 210 231 273 399 ] [ 0.44 0.81 1.57 1.28 1.05 0.74 0.55 ]
174 175 4 859 7 [ 84 168 231 252 336 357 ] [ 0.61 0.89 1.57 0.88 1.46 0.63 0.64 ]
175 174 4 859 7 [ 84 168 231 273 336 378 ] [ 0.48 0.75 1.06 1.22 1.53 0.80 0.60 ]
167 175 2 271 7 [ 63 84 189 252 378 399 ] [ 0.70 0.67 1.15 1.00 1.19 0.67 0.43 ]
175 167 2 271 7 [ 21 42 168 357 378 399 ] [ 0.46 0.86 1.08 1.29 1.01 0.66 0.55 ]
175 176 6 1324 7 [ 210 273 294 315 357 399 ] [ 0.50 0.86 1.01 0.75 1.46 0.93 0.49 ]
176 175 6 1324 7 [ 63 105 147 210 294 399 ] [ 0.68 0.98 1.38 1.04 1.31 0.73 0.69 ]
176 174 7 1596 7 [ 21 42 105 231 252 399 ] [ 0.59 0.81 1.56 1.27 1.57 0.61 0.50 ]
174 176 7 1596 7 [ 84 168 189 231 378 399 ] [ 0.59 0.72 1.16 0.92 1.33 0.77 0.60 ]
165 177 13 3419 7 [ 21 63 126 189 231 378 ] [ 0.67 0.74 1.59 0.73 1.12 0.64 0.59 ]
177 165 13 3419 7 [ 63 126 147 210 273 336 ] [ 0.44 0.93 1.15 1.05 1.59 0.60 0.57 ]
177 178 8 1982 7 [ 42 126 210 273 315 357 ] [ 0.50 0.89 1.18 1.16 1.22 0.78 0.48 ]
178 177 8 1982 7 [ 21 189 231 252 294 336 ] [ 0.61 0.87 1.24 1.04 1.46 0.84 0.59 ]
178 179 8 2073 7 [ 63 147 252 294 315 357 ] [ 0.41 0.91 1.54 1.01 1.39 0.91 0.62 ]
179 178 8 2073 7 [ 63 84 147 231 294 399 ] [ 0.42 1.00 1.13 1.04 1.49 0.95 0.42 ]
179 176 6 1362 7 [ 147 210 252 336 357 399 ] [ 0.50 0.83 1.57 1.27 1.52 0.85 0.69 ]
176 179 6 1362 7 [ 63 168 189 231 294 399 ] [ 0.46 0.63 1.18 0.73 1.09 1.00 0.47 ]
179 180 4 957 7 [ 126 168 189 231 357 399 ] [ 0.51 0.73 1.25 0.95 1.28 0.99 0.61 ]
180 179 4 957 7 [ 21 84 273 294 315 378 ] [ 0.52 0.79 1.34 1.20 1.55 0.89 0.67 ]
176 180 9 2086 7 [ 42 168 231 273 294 378 ] [ 0.40 0.96 1.03 1.09 1.11 0.67 0.59 ]
180 176 9 2086 7 [ 21 105 126 210 357 378 ] [ 0.47 0.67 1.34 0.78 1.56 0.99 0.67 ]
180 181 4 748 7 [ 42 105 189 210 252 378 ] [ 0.55 0.81 1.27 0.74 1.47 0.74 0.69 ]
181 180 4 748 7 [ 126 168 231 252 315 378 ] [ 0.46 0.79 1.33 0.96 1.33 0.97 0.48 ]
181 173 5 1231 7 [ 84 147 168 189 252 399 ] [ 0.61 0.72 1.34 1.05 1.03 0.87 0.44 ]
173 181 5 1231 7 [ 63 168 189 252 294 336 ] [ 0.67 0.96 1.24 1.01 1.49 0.77 0.62 ]
173 182 4 783 7 [ 21 147 189 210 252 273 ] [ 0.64 0.73 1.48 0.90 1.49 0.82 0.57 ]
182 173 4 783 7 [ 63 105 126 231 336 399 ] [ 0.60 0.87 1.15 0.96 1.06 0.92 0.60 ]
182 178 6 1316 7 [ 210 273 294 336 357 399 ] [ 0.49 0.62 1.51 1.24 1.10 0.61 0.63 ]
178 182 6 1316 7 [ 63 84 147 189 231 336 ] [ 0.53 0.80 1.41 0.95 1.24 0.84 0.62 ]
178 183 7 1731 7 [ 42 84 147 189 315 378 ] [ 0.44 0.82 1.37 0.97 1.21 0.81 0.60 ]
183 178 7 1731 7 [ 42 63 84 105 189 273 ] [ 0.64 0.93 1.35 0.79 1.12 0.61 0.54 ]
183 184 6 1499 7 [ 105 189 252 336 357 378 ] [ 0.44 0.63 1.60 1.13 1.58 0.86 0.58 ]
184 183 6 1499 7 [ 63 84 126 147 252 273 ] [ 0.66 0.85 1.28 1.18 1.28 0.63 0.57 ]
177 184 9 2259 7 [ 105 168 189 231 315 336 ] [ 0.57 0.68 1.10 1.13 1.22 0.63 0.65 ]
184 177 9 2259 7 [ 42 105 126 315 357 378 ] [ 0.64 0.96 1.52 0.83 1.37 0.84 0.53 ]
184 185 12 3109 7 [ 21 126 231 315 357 378 ] [ 0.54 0.88 1.51 0.94 1.39 0.83 0.55 ]
185 184 12 3109 7 [ 21 84 231 252 315 378 ] [ 0.64 0.81 1.57 0.91 1.43 0.78 0.64 ]
184 252 13 3422 7 [ 63 168 189 231 273 399 ] [ 0.70 0.77 1.60 0.93 1.46 0.92 0.64 ]
252 184 13 3422 7 [ 21 147 168 231 336 357 ] [ 0.52 0.69 1.12 1.13 1.29 0.75 0.47 ]
183 186 6 1452 7 [ 42 63 147 252 357 399 ] [ 0.70 0.64 1.14 0.80 1.28 0.94 0.44 ]
186 183 6 1452 7 [ 42 105 168 210 336 357 ] [ 0.70 0.70 1.22 1.04 1.07 0.62 0.56 ]
185 186 6 1269 7 [ 21 168 189 294 336 378 ] [ 0.49 0.65 1.15 1.16 1.20 0.85 0.66 ]
186 185 6 1269 7 [ 42 84 273 315 336 357 ] [ 0.44 0.96 1.46 1.21 1.35 0.72 0.54 ]
186 187 12 3112 7 [ 42 126 210 231 336 378 ] [ 0.45 0.83 1.37 1.03 1.28 0.63 0.63 ]
187 186 12 3112 7 [ 42 231 252 294 315 336 ] [ 0.41 0.71 1.41 1.01 1.44 0.68 0.64 ]
187 173 9 2136 7 [ 147 168 252 273 336 357 ] [ 0.43 0.62 1.40 1.12 1.32 0.73 0.51 ]
173 187 9 2136 7 [ 21 42 63 105 126 273 ] [ 0.62 0.62 1.12 0.77 1.57 0.70 0.42 ]
187 188 4 755 7 [ 21 42 105 210 336 378 ] [ 0.60 0.91 1.53 0.83 1.58 0.81 0.41 ]
188 187 4 755 7 [ 21 63 84 147 189 273 ] [ 0.61 0.94 1.22 0.93 1.35 0.67 0.51 ]
188 189 10 2565 7 [ 42 105 147 189 210 315 ] [ 0.62 0.63 1.02 1.22 1.19 0.93 0.47 ]
189 188 10 2565 7 [ 21 105 126 168 357 399 ] [ 0.53 0.64 1.23 1.00 1.14 0.68 0.54 ]
188 190 4 792 7 [ 84 252 294 315 336 378 ] [ 0.67 0.66 1.57 1.04 1.35 0.65 0.53 ]
190 188 4 792 7 [ 84 147 168 189 252 399 ] [ 0.45 0.74 1.00 0.87 1.41 0.62 0.57 ]
190 191 5 1231 7 [ 21 84 105 147 357 378 ] [ 0.44 0.83 1.20 1.12 1.24 0.78 0.70 ]
191 190 5 1231 7 [ 105 126 147 252 294 399 ] [ 0.48 0.96 1.23 1.06 1.12 0.90 0.53 ]
190 192 5 1090 7 [ 63 84 126 252 315 378 ] [ 0.42 0.99 1.47 1.05 1.33 0.76 0.56 ]
192 190 5 1090 7 [ 21 84 168 231 294 336 ] [ 0.56 0.60 1.38 0.84 1.07 0.73 0.55 ]
191 192 3 582 7 [ 105 168 189 210 231 357 ] [ 0.47 0.89 1.17 0.84 1.04 0.77 0.41 ]
192 191 3 582 7 [ 21 42 63 84 231 378 ] [ 0.55 0.92 1.22 0.72 1.46 0.87 0.70 ]
189 193 13 3251 7 [ 105 168 231 273 357 399 ] [ 0.70 0.85 1.39 1.00 1.60 0.80 0.58 ]
193 189 13 3251 7 [ 42 210 273 294 336 378 ] [ 0.61 0.63 1.59 0.73 1.09 0.79 0.62 ]
193 194 2 376 7 [ 63 84 126 273 315 336 ] [ 0.67 0.88 1.56 1.26 1.18 0.88 0.44 ]
194 193 2 376 7 [ 21 126 147 252 294 357 ] [ 0.40 0.84 1.24 0.95 1.55 0.67 0.47 ]
194 195 2 292 7 [ 42 105 126 168 189 336 ] [ 0.68 0.72 1.26 0.81 1.32 0.63 0.54 ]
195 194 2 292 7 [ 21 126 231 336 357 399 ] [ 0.57 0.78 1.54 1.30 1.13 0.76 0.45 ]
194 196 2 301 7 [ 21 147 231 273 357 399 ] [ 0.46 0.62 1.48 0.84 1.43 0.90 0.47 ]
196 194 2 301 7 [ 21 42 105 147 231 294 ] [ 0.50 0.78 1.26 0.95 1.13 0.62 0.46 ]
185 196 13 3261 7 [ 63 252 273 336 378 399 ] [ 0.61 0.85 1.25 0.71 1.11 0.79 0.60 ]
196 185 13 3261 7 [ 105 168 231 294 315 378 ] [ 0.69 0.94 1.58 1.06 1.27 0.66 0.47 ]
196 197 2 309 7 [ 21 63 189 252 336 399 ] [ 0.68 0.75 1.33 1.26 1.53 0.92 0.69 ]
197 196 2 309 7 [ 21 42 63 147 189 294 ] [ 0.52 1.00 1.59 1.24 1.37 0.83 0.58 ]
195 197 2 206 7 [ 21 105 126 231 252 336 ] [ 0.48 0.78 1.47 1.24 1.57 0.71 0.59 ]
197 195 2 206 7 [ 42 84 126 168 210 315 ] [ 0.62 0.78 1.18 0.70 1.10 0.78 0.51 ]
197 198 13 3240 7 [ 84 189 231 252 294 336 ] [ 0.44 0.64 1.44 0.72 1.36 0.94 0.49 ]
198 197 13 3240 7 [ 42 84 126 273 315 399 ] [ 0.53 0.76 1.25 1.12 1.55 0.79 0.65 ]
195 198 12 3076 7 [ 42 147 189 210 252 378 ] [ 0.55 0.93 1.23 1.24 1.04 0.70 0.70 ]
198 195 12 3076 7 [ 168 231 252 273 357 378 ] [ 0.54 0.70 1.44 1.23 1.05 0.98 0.48 ]
198 199 10 2518 7 [ 84 105 126 147 294 315 ] [ 0.58 0.81 1.32 1.18 1.53 0.83 0.64 ]
199 198 10 2518 7 [ 84 105 231 294 378 399 ] [ 0.47 0.99 1.22 0.86 1.48 0.98 0.56 ]
199 200 4 950 7 [ 84 126 189 273 294 399 ] [ 0.64 0.68 1.52 1.29 1.41 0.91 0.43 ]
200 199 4 950 7 [ 147 168 231 252 336 357 ] [ 0.67 0.69 1.36 0.72 1.14 0.92 0.59 ]
199 201 4 937 7 [ 63 105 168 210 252 273 ] [ 0.43 0.72 1.56 0.81 1.03 0.70 0.50 ]
201 199 4 937 7 [ 21 84 126 147 231 336 ] [ 0.51 0.94 1.00 1.05 1.44 0.96 0.53 ]
200 201 2 402 7 [ 63 84 105 294 315 378 ] [ 0.52 0.67 1.50 0.96 1.51 0.99 0.40 ]
201 200 2 402 7 [ 21 42 147 231 315 399 ] [ 0.42 0.73 1.28 1.14 1.47 0.80 0.51 ]
201 202 7 1544 7 [ 21 84 168 336 378 399 ] [ 0.41 0.68 1.34 0.97 1.55 0.61 0.42 ]
202 201 7 1544 7 [ 21 105 147 168 231 399 ] [ 0.52 0.89 1.13 1.02 1.30 0.85 0.53 ]
202 203 11 2782 7 [ 21 105 126 189 315 357 ] [ 0.50 0.79 1.59 1.24 1.37 0.78 0.50 ]
203 202 11 2782 7 [ 21 105 189 210 294 357 ] [ 0.48 0.67 1.36 0.85 1.42 0.98 0.50 ]
202 250 20 5204 7 [ 21 168 273 294 378 399 ] [ 0.65 0.84 1.59 0.94 1.45 0.91 0.59 ]
250 202 20 5204 7 [ 42 105 126 273 357 378 ] [ 0.56 0.91 1.54 1.24 1.07 0.69 0.58 ]
251 250 9 2237 7 [ 147 189 252 294 336 378 ] [ 0.51 0.86 1.29 1.26 1.33 0.64 0.59 ]
250 251 9 2237 7 [ 105 147 189 210 231 378 ] [ 0.63 0.81 1.23 1.23 1.35 0.70 0.42 ]
251 203 7 1611 7 [ 42 147 189 231 273 336 ] [ 0.42 0.85 1.55 1.05 1.17 0.65 0.47 ]
203 251 7 1611 7 [ 42 147 189 231 357 399 ] [ 0.47 0.80 1.43 0.82 1.31 0.94 0.56 ]
203 204 9 2263 7 [ 42 63 105 189 378 399 ] [ 0.52 0.74 1.29 0.80 1.05 0.80 0.53 ]
204 203 9 2263 7 [ 84 105 168 252 294 357 ] [ 0.63 0.73 1.42 0.71 1.01 0.69 0.48 ]
200 205 4 883 7 [ 147 210 231 315 336 399 ] [ 0.68 0.77 1.28 0.76 1.05 0.84 0.40 ]
205 200 4 883 7 [ 21 105 126 189 231 273 ] [ 0.58 0.68 1.48 1.10 1.25 0.72 0.45 ]
205 204 10 2489 7 [ 42 63 105 147 294 378 ] [ 0.44 0.67 1.09 1.20 1.15 0.67 0.55 ]
204 205 10 2489 7 [ 21 42 105 168 273 336 ] [ 0.66 0.85 1.04 1.26 1.00 0.93 0.53 ]
204 206 8 1895 7 [ 63 84 210 252 336 357 ] [ 0.41 0.76 1.59 1.24 1.05 0.82 0.52 ]
206 204 8 1895 7 [ 84 105 189 273 294 315 ] [ 0.52 0.95 1.18 1.30 1.47 0.95 0.52 ]
206 207 11 2848 7 [ 84 168 189 273 294 336 ] [ 0.57 0.92 1.40 1.25 1.40 0.73 0.45 ]
207 206 11 2848 7 [ 42 105 168 273 357 378 ] [ 0.55 0.87 1.21 0.83 1.07 0.64 0.43 ]
207 208 13 3369 7 [ 105 147 168 336 357 378 ] [ 0.53 0.94 1.10 0.87 1.54 0.63 0.65 ]
208 207 13 3369 7 [ 21 63 168 210 252 273 ] [ 0.66 0.80 1.49 0.80 1.15 0.62 0.65 ]
208 209 6 1518 7 [ 105 126 210 273 315 378 ] [ 0.43 0.86 1.29 1.29 1.19 0.84 0.57 ]
209 208 6 1518 7 [ 147 210 273 294 315 399 ] [ 0.59 0.81 1.57 0.88 1.42 0.98 0.40 ]
209 210 2 364 7 [ 63 147 189 231 294 336 ] [ 0.66 0.64 1.48 1.25 1.51 0.84 0.55 ]
210 209 2 364 7 [ 21 42 252 315 336 399 ] [ 0.69 0.87 1.04 0.75 1.26 0.72 0.46 ]
209 211 18 4722 7 [ 42 105 126 147 336 357 ] [ 0.42 0.83 1.45 1.11 1.17 0.63 0.58 ]
211 209 18 4722 7 [ 21 42 168 315 357 399 ] [ 0.54 0.75 1.52 1.24 1.16 0.91 0.55 ]
206 211 22 5738 7 [ 42 168 273 336 378 399 ] [ 0.44 0.76 1.56 0.99 1.12 0.85 0.61 ]
211 206 22 5738 7 [ 21 126 189 210 378 399 ] [ 0.68 0.85 1.03 0.78 1.00 0.74 0.52 ]
205 212 7 1700 7 [ 63 147 189 294 315 399 ] [ 0.55 0.61 1.01 0.93 1.56 0.75 0.40 ]
212 205 7 1700 7 [ 21 147 189 231 273 294 ] [ 0.63 0.69 1.18 0.81 1.32 0.66 0.63 ]
212 213 6 1250 7 [ 42 84 189 252 273 357 ] [ 0.41 0.65 1.56 1.14 1.42 0.73 0.54 ]
213 212 6 1250 7 [ 21 42 84 273 294 357 ] [ 0.51 0.89 1.16 0.73 1.11 0.74 0.50 ]
212 214 7 1561 7 [ 21 126 189 252 273 357 ] [ 0.55 0.62 1.50 1.21 1.30 0.87 0.70 ]
214 212 7 1561 7 [ 42 105 147 189 231 378 ] [ 0.50 0.92 1.03 0.96 1.58 0.97 0.62 ]
213 214 6 1265 7 [ 63 105 126 210 231 294 ] [ 0.48 0.71 1.06 1.13 1.05 0.66 0.66 ]
214 213 6 1265 7 [ 21 63 231 252 336 399 ] [ 0.51 0.83 1.16 1.20 1.13 0.63 0.62 ]
213 215 24 6400 7 [ 126 189 210 273 294 357 ] [ 0.52 0.97 1.41 0.90 1.44 0.78 0.58 ]
215 213 24 6400 7 [ 84 210 294 315 336 378 ] [ 0.59 0.76 1.27 0.75 1.02 0.66 0.44 ]
215 216 9 2285 7 [ 42 105 168 189 210 252 ] [ 0.48 0.75 1.32 1.19 1.17 0.83 0.57 ]
216 215 9 2285 7 [ 105 147 189 336 357 378 ] [ 0.57 0.98 1.47 0.74 1.06 0.72 0.46 ]
253 217 8 1829 7 [ 84 105 189 252 273 315 ] [ 0.56 0.67 1.57 1.26 1.18 0.84 0.66 ]
217 253 8 1829 7 [ 21 84 126 189 210 378 ] [ 0.51 0.78 1.11 1.28 1.53 0.84 0.57 ]
217 218 7 1659 7 [ 147 168 252 273 315 399 ] [ 0.57 0.62 1.02 1.05 1.44 0.83 0.64 ]
218 217 7 1659 7 [ 21 126 231 294 336 399 ] [ 0.43 0.68 1.45 1.05 1.41 0.92 0.44 ]
218 219 6 1320 7 [ 63 105 126 168 294 357 ] [ 0.46 0.68 1.54 0.70 1.40 0.85 0.42 ]
219 218 6 1320 7 [ 42 84 105 126 336 399 ] [ 0.46 0.76 1.46 1.16 1.22 0.76 0.57 ]
218 215 6 1346 7 [ 21 42 63 147 231 273 ] [ 0.57 0.69 1.28 0.74 1.05 0.88 0.58 ]
215 218 6 1346 7 [ 105 147 294 315 336 357 ] [ 0.55 0.98 1.21 1.27 1.20 1.00 0.64 ]
214 220 18 4667 7 [ 42 63 84 105 189 336 ] [ 0.41 0.83 1.09 0.83 1.53 0.98 0.44 ]
220 214 18 4667 7 [ 42 84 147 168 273 315 ] [ 0.43 0.77 1.11 1.11 1.10 0.77 0.56 ]
220 221 3 532 7 [ 42 84 147 168 231 315 ] [ 0.57 0.96 1.30 1.14 1.43 0.82 0.46 ]
221 220 3 532 7 [ 63 84 168 315 357 399 ] [ 0.51 0.69 1.15 0.77 1.16 0.63 0.69 ]
221 222 4 695 7 [ 21 63 105 210 315 378 ] [ 0.55 0.82 1.20 0.73 1.56 0.91 0.43 ]
222 221 4 695 7 [ 84 147 189 210 315 399 ] [ 0.54 0.78 1.12 0.94 1.06 0.95 0.42 ]
220 223 7 1716 7 [ 147 189 231 252 357 378 ] [ 0.51 0.70 1.05 0.88 1.01 0.77 0.55 ]
223 220 7 1716 7 [ 21 84 168 210 252 336 ] [ 0.65 0.69 1.57 0.84 1.43 0.92 0.48 ]
221 224 4 931 7 [ 105 126 189 315 357 378 ] [ 0.58 0.79 1.08 1.22 1.28 0.87 0.69 ]
224 221 4 931 7 [ 42 105 210 294 357 399 ] [ 0.67 0.79 1.30 1.08 1.58 0.91 0.53 ]
223 224 3 545 7 [ 21 105 147 315 336 357 ] [ 0.57 0.82 1.50 1.13 1.59 0.87 0.55 ]
224 223 3 545 7 [ 84 147 231 273 336 378 ] [ 0.66 0.84 1.12 1.18 1.27 0.65 0.55 ]
223 225 4 745 7 [ 63 105 147 273 294 336 ] [ 0.53 0.94 1.47 0.89 1.28 0.75 0.62 ]
225 223 4 745 7 [ 126 210 231 252 273 357 ] [ 0.57 0.85 1.56 0.82 1.37 0.86 0.45 ]
222 224 5 1070 7 [ 21 42 147 168 210 252 ] [ 0.57 0.98 1.29 1.26 1.45 0.78 0.58 ]
224 222 5 1070 7 [ 147 189 210 357 378 399 ] [ 0.50 0.77 1.07 1.23 1.30 0.99 0.45 ]
222 226 5 1133 7 [ 105 210 231 294 336 399 ] [ 0.43 0.97 1.04 0.82 1.40 0.69 0.56 ]
226 222 5 1133 7 [ 63 126 168 252 294 399 ] [ 0.52 0.81 1.13 0.86 1.55 0.80 0.45 ]
226 227 13 3200 7 [ 21 63 84 210 252 294 ] [ 0.63 0.68 1.36 1.27 1.24 0.85 0.69 ]
227 226 13 3200 7 [ 42 105 189 273 294 336 ] [ 0.45 0.94 1.09 1.17 1.39 0.81 0.70 ]
222 228 11 2680 7 [ 84 126 210 252 336 357 ] [ 0.65 0.79 1.33 1.00 1.45 0.96 0.48 ]
228 222 11 2680 7 [ 63 84 189 210 294 357 ] [ 0.61 0.91 1.38 0.89 1.29 0.91 0.57 ]
228 229 3 418 7 [ 84 147 189 315 336 357 ] [ 0.67 0.81 1.54 0.98 1.15 0.93 0.58 ]
229 228 3 418 7 [ 105 126 210 252 273 357 ] [ 0.67 0.74 1.57 0.89 1.36 0.85 0.70 ]
229 230 2 326 7 [ 42 84 105 231 252 336 ] [ 0.64 0.96 1.18 0.97 1.40 0.75 0.53 ]
230 229 2 326 7 [ 42 147 189 294 357 399 ] [ 0.51 0.88 1.22 1.14 1.39 0.87 0.67 ]
228 230 2 220 7 [ 21 63 126 168 210 357 ] [ 0.40 0.90 1.28 0.98 1.28 0.75 0.42 ]
230 228 2 220 7 [ 126 147 168 273 378 399 ] [ 0.47 0.81 1.30 0.73 1.05 0.82 0.62 ]
230 231 6 1412 7 [ 21 84 105 231 336 357 ] [ 0.61 0.86 1.01 0.77 1.44 0.74 0.55 ]
231 230 6 1412 7 [ 126 168 189 210 273 336 ] [ 0.68 0.61 1.42 0.97 1.02 0.68 0.42 ]
231 232 16 4093 7 [ 147 168 231 252 294 378 ] [ 0.66 0.86 1.58 0.76 1.30 0.70 0.40 ]
232 231 16 4093 7 [ 126 147 189 336 378 399 ] [ 0.56 0.71 1.52 0.73 1.47 0.93 0.65 ]
232 233 15 4007 7 [ 42 105 168 231 252 315 ] [ 0.42 0.75 1.05 1.24 1.51 0.96 0.41 ]
233 232 15 4007 7 [ 63 84 252 273 315 357 ] [ 0.52 0.61 1.56 0.82 1.58 0.82 0.49 ]
232 254 2 354 7 [ 42 63 126 210 357 399 ] [ 0.62 0.91 1.21 1.29 1.28 0.67 0.66 ]
254 232 2 354 7 [ 84 105 147 189 210 231 ] [ 0.46 0.65 1.32 1.02 1.12 0.88 0.57 ]
231 233 27 7275 7 [ 42 63 126 189 231 252 ] [ 0.48 0.96 1.32 1.13 1.23 0.72 0.49 ]
233 231 27 7275 7 [ 84 231 252 273 315 357 ] [ 0.56 0.80 1.35 1.00 1.40 0.82 0.54 ]
229 234 13 3445 7 [ 63 105 126 273 294 357 ] [ 0.44 0.72 1.33 0.71 1.11 0.68 0.49 ]
234 229 13 3445 7 [ 63 126 168 315 336 378 ] [ 0.68 0.93 1.52 1.13 1.06 0.81 0.70 ]
234 235 7 1645 7 [ 84 210 294 315 357 399 ] [ 0.44 0.89 1.38 0.74 1.36 0.81 0.58 ]
235 234 7 1645 7 [ 189 231 294 336 378 399 ] [ 0.42 0.67 1.22 0.89 1.49 0.86 0.54 ]
235 236 5 1063 7 [ 21 42 84 105 231 399 ] [ 0.55 0.71 1.45 1.19 1.43 0.79 0.45 ]
236 235 5 1063 7 [ 63 126 252 273 336 357 ] [ 0.57 0.64 1.38 0.88 1.49 0.96 0.54 ]
235 237 7 1669 7 [ 84 105 126 189 294 378 ] [ 0.58 0.77 1.37 0.94 1.12 0.90 0.45 ]
237 235 7 1669 7 [ 84 126 168 252 273 315 ] [ 0.51 0.90 1.59 1.18 1.59 0.82 0.51 ]
237 192 4 901 7 [ 21 63 105 126 252 315 ] [ 0.57 0.86 1.15 1.14 1.48 0.82 0.60 ]
192 237 4 901 7 [ 84 105 126 189 231 378 ] [ 0.59 0.81 1.47 0.87 1.54 0.62 0.51 ]
237 238 5 1077 7 [ 63 147 189 210 294 378 ] [ 0.41 0.66 1.43 1.21 1.40 0.91 0.68 ]
238 237 5 1077 7 [ 21 63 84 105 252 378 ] [ 0.56 0.97 1.50 0.73 1.23 0.69 0.62 ]
238 234 6 1426 7 [ 126 189 210 252 315 336 ] [ 0.54 0.76 1.32 0.74 1.55 0.81 0.68 ]
234 238 6 1426 7 [ 21 189 210 231 273 378 ] [ 0.52 0.80 1.35 1.14 1.11 0.81 0.41 ]
234 239 9 2205 7 [ 42 84 105 126 168 336 ] [ 0.47 0.60 1.50 0.89 1.36 0.72 0.52 ]
239 234 9 2205 7 [ 42 84 168 273 315 399 ] [ 0.41 0.96 1.34 0.81 1.37 0.90 0.57 ]
239 240 11 2880 7 [ 21 105 126 147 189 399 ] [ 0.54 0.70 1.57 0.71 1.33 0.93 0.62 ]
240 239 11 2880 7 [ 42 126 147 252 315 378 ] [ 0.52 0.98 1.37 1.01 1.24 0.70 0.66 ]
238 240 6 1392 7 [ 21 84 210 252 315 336 ] [ 0.59 0.64 1.20 1.28 1.46 0.77 0.59 ]
240 238 6 1392 7 [ 84 105 168 189 252 357 ] [ 0.57 0.90 1.53 0.73 1.54 0.77 0.59 ]
240 241 6 1248 7 [ 105 189 231 294 357 399 ] [ 0.62 0.77 1.42 1.10 1.04 0.87 0.47 ]
241 240 6 1248 7 [ 21 63 84 210 273 336 ] [ 0.53 0.94 1.49 1.00 1.38 0.84 0.63 ]
241 191 2 403 7 [ 21 147 168 210 294 399 ] [ 0.67 0.79 1.50 0.81 1.17 0.88 0.70 ]
191 241 2 403 7 [ 42 105 189 315 336 399 ] [ 0.52 0.61 1.59 1.22 1.59 0.67 0.48 ]
241 242 7 1690 7 [ 21 42 84 189 252 399 ] [ 0.60 0.70 1.53 0.78 1.48 0.66 0.67 ]
242 241 7 1690 7 [ 21 147 168 210 273 294 ] [ 0.60 0.62 1.54 1.07 1.08 0.82 0.51 ]
240 242 5 1217 7 [ 21 63 210 273 357 399 ] [ 0.41 0.86 1.32 0.93 1.41 0.84 0.53 ]
242 240 5 1217 7 [ 168 189 273 294 378 399 ] [ 0.70 0.96 1.06 0.90 1.12 0.61 0.57 ]
242 243 7 1580 7 [ 84 210 273 294 378 399 ] [ 0.61 0.61 1.49 0.71 1.09 0.62 0.60 ]
243 242 7 1580 7 [ 42 84 147 231 252 336 ] [ 0.58 0.94 1.16 1.07 1.03 0.64 0.44 ]
242 244 7 1752 7 [ 42 168 189 252 336 378 ] [ 0.54 0.70 1.31 1.03 1.36 0.63 0.44 ]
244 242 7 1752 7 [ 42 84 105 147 231 357 ] [ 0.69 0.62 1.54 1.12 1.53 0.98 0.45 ]
243 244 3 620 7 [ 21 63 105 210 336 378 ] [ 0.69 0.93 1.52 0.88 1.06 0.87 0.54 ]
244 243 3 620 7 [ 105 126 168 252 378 399 ] [ 0.55 0.71 1.17 0.74 1.16 0.65 0.40 ]
243 193 5 1198 7 [ 126 147 189 210 273 336 ] [ 0.54 0.78 1.03 1.01 1.12 0.69 0.65 ]
193 243 5 1198 7 [ 21 63 126 189 315 357 ] [ 0.45 0.66 1.00 1.08 1.22 0.75 0.63 ]
244 245 20 5203 7 [ 42 84 168 231 294 399 ] [ 0.68 0.72 1.01 0.83 1.50 0.85 0.63 ]
245 244 20 5203 7 [ 21 63 105 147 336 357 ] [ 0.45 0.89 1.26 0.81 1.42 0.68 0.52 ]
245 214 6 1326 7 [ 21 84 189 210 231 357 ] [ 0.58 0.90 1.26 0.78 1.06 0.85 0.70 ]
214 245 6 1326 7 [ 21 42 147 336 357 399 ] [ 0.55 0.75 1.41 0.85 1.45 0.66 0.45 ]
245 246 11 2680 7 [ 42 105 126 189 273 378 ] [ 0.47 0.71 1.03 0.96 1.20 0.79 0.57 ]
246 245 11 2680 7 [ 63 210 231 252 273 336 ] [ 0.50 0.67 1.02 0.70 1.14 0.78 0.44 ]
246 247 8 2068 7 [ 126 189 210 252 357 399 ] [ 0.45 0.66 1.25 1.29 1.33 0.63 0.57 ]
247 246 8 2068 7 [ 21 126 231 336 357 378 ] [ 0.50 0.74 1.31 0.75 1.23 0.80 0.65 ]
244 247 11 2904 7 [ 42 105 147 189 231 378 ] [ 0.54 0.62 1.13 0.86 1.36 0.83 0.52 ]
247 244 11 2904 7 [ 126 147 231 273 294 399 ] [ 0.46 0.81 1.18 0.84 1.44 0.68 0.64 ]
247 248 3 624 7 [ 126 147 168 189 210 378 ] [ 0.56 0.61 1.20 0.76 1.08 0.88 0.64 ]
248 247 3 624 7 [ 21 84 189 231 252 336 ] [ 0.45 0.78 1.31 1.26 1.07 0.98 0.51 ]
248 239 4 876 7 [ 21 63 105 168 189 252 ] [ 0.42 0.61 1.45 0.86 1.36 0.97 0.49 ]
239 248 4 876 7 [ 105 210 231 252 336 399 ] [ 0.40 0.83 1.46 0.85 1.23 0.70 0.69 ]
248 249 8 1840 7 [ 21 42 126 147 252 294 ] [ 0.69 0.66 1.29 0.93 1.45 0.69 0.62 ]
249 248 8 1840 7 [ 126 147 189 357 378 399 ] [ 0.49 0.79 1.59 0.94 1.49 0.86 0.47 ]
246 249 6 1432 7 [ 42 63 105 168 231 336 ] [ 0.62 0.98 1.41 0.71 1.32 0.74 0.67 ]
249 246 6 1432 7 [ 168 231 252 294 357 399 ] [ 0.54 0.61 1.11 0.95 1.46 0.98 0.42 ]
249 228 4 812 7 [ 21 63 84 126 336 399 ] [ 0.58 0.96 1.16 1.00 1.27 1.00 0.68 ]
228 249 4 812 7 [ 21 42 63 168 210 378 ] [ 0.56 0.89 1.09 1.22 1.57 0.68 0.70 ]
221 246 11 2857 7 [ 147 210 231 273 336 378 ] [ 0.63 0.68 1.13 1.03 1.07 0.95 0.51 ]
246 221 11 2857 7 [ 21 42 63 126 273 294 ] [ 0.49 0.62 1.33 1.16 1.58 0.62 0.51 ]
211 253 4 775 7 [ 21 63 126 189 231 357 ] [ 0.41 0.62 1.16 1.17 1.51 0.93 0.60 ]
253 211 4 775 7 [ 105 126 189 231 336 357 ] [ 0.42 0.69 1.20 0.87 1.50 0.95 0.49 ]
216 253 2 381 7 [ 42 84 147 273 315 378 ] [ 0.42 0.74 1.42 1.23 1.06 0.82 0.55 ]
253 216 2 381 7 [ 21 63 168 210 252 273 ] [ 0.66 0.78 1.12 1.28 1.15 0.98 0.44 ]
