NAME : egl-g1-B
VERTICES : 255
EDG_REQ : 347
EDG_NONREQ : 28
VEHICLES : 25
CAPACITY : 22800
DEPOT : 0
STARTTIME : 0
ENDTIME : 420
SERVICE_SPEED_FACTOR : 0.70
[NETWORK_DATA]
0 4 7 1860 7 [ 21 42 63 231 273 336 ] [ 0.48 0.65 1.50 1.24 1.03 0.97 0.59 ]
4 0 7 1860 7 [ 42 168 231 294 315 378 ] [ 0.47 0.91 1.11 0.97 1.55 0.76 0.60 ]
4 5 3 556 7 [ 21 105 210 252 336 399 ] [ 0.59 1.00 1.55 0.74 1.12 0.75 0.69 ]
5 4 3 556 7 [ 21 63 126 210 336 399 ] [ 0.56 0.98 1.53 1.18 1.04 0.77 0.61 ]
5 6 4 821 7 [ 63 126 147 168 231 357 ] [ 0.42 0.64 1.08 1.09 1.43 0.87 0.64 ]
6 5 4 821 7 [ 105 147 168 189 252 273 ] [ 0.60 0.81 1.36 0.82 1.32 0.94 0.42 ]
6 7 3 606 7 [ 63 210 294 336 378 399 ] [ 0.57 0.90 1.48 1.15 1.18 0.73 0.43 ]
7 6 3 606 7 [ 42 63 168 252 315 399 ] [ 0.42 0.82 1.32 0.91 1.47 0.77 0.45 ]
7 8 8 2195 7 [ 42 84 126 252 294 399 ] [ 0.56 0.77 1.60 0.72 1.39 0.74 0.61 ]
8 7 8 2195 7 [ 21 63 168 273 294 399 ] [ 0.60 0.85 1.02 1.09 1.08 0.96 0.61 ]
8 9 2 282 7 [ 42 63 105 315 336 378 ] [ 0.50 0.98 1.10 1.11 1.50 0.90 0.70 ]
9 8 2 282 7 [ 21 84 147 168 210 399 ] [ 0.52 0.64 1.33 0.85 1.39 0.75 0.47 ]
9 10 7 1834 7 [ 21 42 210 273 294 378 ] [ 0.67 0.72 1.13 1.22 1.37 0.65 0.55 ]
10 9 7 1834 7 [ 21 126 231 315 336 399 ] [ 0.61 0.83 1.51 0.74 1.49 0.83 0.41 ]
10 11 5 1109 7 [ 42 168 210 315 378 399 ] [ 0.64 0.78 1.30 0.97 1.20 0.73 0.59 ]
11 10 5 1109 7 [ 21 84 147 252 357 378 ] [ 0.54 0.84 1.07 0.93 1.00 0.88 0.41 ]
11 12 3 591 7 [ 168 189 210 273 357 399 ] [ 0.57 0.93 1.15 1.16 1.30 0.89 0.50 ]
12 11 3 591 7 [ 21 84 168 252 357 399 ] [ 0.62 0.87 1.52 1.19 1.30 0.90 0.48 ]
12 13 12 3357 7 [ 63 84 105 126 273 399 ] [ 0.56 0.91 1.26 0.77 1.22 0.88 0.59 ]
13 12 12 3357 7 [ 105 126 147 168 210 399 ] [ 0.63 0.91 1.51 1.04 1.13 0.87 0.54 ]
13 14 8 1922 7 [ 189 231 294 315 357 378 ] [ 0.57 0.96 1.42 0.96 1.54 0.93 0.50 ]
14 13 8 1922 7 [ 126 210 294 315 357 378 ] [ 0.40 0.93 1.27 1.25 1.53 0.86 0.54 ]
4 15 2 390 7 [ 42 63 210 273 378 399 ] [ 0.59 0.62 1.08 0.92 1.13 0.70 0.60 ]
15 4 2 390 7 [ 21 84 126 189 252 336 ] [ 0.51 0.78 1.15 1.02 1.24 0.88 0.64 ]
15 16 2 221 7 [ 63 105 147 273 294 315 ] [ 0.54 0.71 1.32 0.78 1.16 0.78 0.46 ]
16 15 2 221 7 [ 21 126 168 210 252 378 ] [ 0.64 0.65 1.41 1.14 1.50 0.77 0.61 ]
16 17 2 318 7 [ 84 105 147 168 189 273 ] [ 0.69 0.84 1.11 1.03 1.35 0.83 0.51 ]
17 16 2 318 7 [ 21 42 126 252 357 399 ] [ 0.44 0.87 1.49 1.28 1.45 0.62 0.58 ]
5 17 2 429 7 [ 21 63 210 336 378 399 ] [ 0.52 0.74 1.09 0.73 1.23 0.80 0.57 ]
17 5 2 429 7 [ 147 168 294 336 378 399 ] [ 0.42 0.60 1.03 0.80 1.05 0.73 0.64 ]
17 18 3 717 7 [ 63 168 189 231 273 378 ] [ 0.52 0.84 1.41 0.78 1.29 0.72 0.59 ]
18 17 3 717 7 [ 168 189 252 294 336 378 ] [ 0.45 0.66 1.50 1.20 1.20 0.73 0.70 ]
6 18 3 503 7 [ 42 63 105 189 231 273 ] [ 0.52 0.74 1.18 1.17 1.33 0.96 0.43 ]
18 6 3 503 7 [ 21 84 105 231 252 378 ] [ 0.67 0.77 1.55 1.14 1.41 0.66 0.64 ]
15 19 4 960 7 [ 63 105 168 231 273 357 ] [ 0.60 0.87 1.35 0.72 1.12 0.83 0.70 ]
19 15 4 960 7 [ 21 42 84 105 294 399 ] [ 0.49 0.95 1.17 1.12 1.57 0.71 0.49 ]
19 20 3 669 7 [ 42 84 168 231 273 336 ] [ 0.59 0.67 1.07 0.91 1.32 0.91 0.62 ]
20 19 3 669 7 [ 84 126 168 294 336 399 ] [ 0.42 0.92 1.24 1.08 1.36 0.92 0.66 ]
18 20 3 460 7 [ 84 105 147 252 378 399 ] [ 0.43 0.71 1.45 0.79 1.03 0.83 0.62 ]
20 18 3 460 7 [ 168 210 294 315 378 399 ] [ 0.53 0.89 1.55 1.19 1.46 0.63 0.50 ]
19 21 3 519 7 [ 42 126 147 168 210 336 ] [ 0.51 0.67 1.28 0.72 1.35 0.61 0.47 ]
21 19 3 519 7 [ 147 189 210 252 273 378 ] [ 0.61 0.68 1.30 0.90 1.03 0.80 0.62 ]
21 22 3 463 7 [ 126 252 315 336 357 399 ] [ 0.61 0.87 1.44 0.75 1.20 0.94 0.43 ]
22 21 3 463 7 [ 21 147 210 315 336 378 ] [ 0.53 0.93 1.43 0.85 1.50 0.71 0.58 ]
20 22 4 985 7 [ 231 252 336 357 378 399 ] [ 0.60 0.85 1.59 1.09 1.29 0.61 0.48 ]
22 20 4 985 7 [ 63 84 147 294 378 399 ] [ 0.68 0.98 1.40 1.01 1.15 0.85 0.54 ]
21 23 3 528 7 [ 84 147 210 231 336 378 ] [ 0.48 0.82 1.05 0.89 1.21 0.85 0.63 ]
23 21 3 528 7 [ 21 42 189 210 273 315 ] [ 0.47 0.63 1.03 0.99 1.32 0.93 0.61 ]
22 23 3 479 7 [ 168 210 231 252 336 357 ] [ 0.59 0.89 1.55 0.71 1.31 0.64 0.59 ]
23 22 3 479 7 [ 63 126 168 252 273 336 ] [ 0.46 0.78 1.10 1.15 1.34 0.64 0.66 ]
23 24 6 1561 7 [ 42 84 105 147 273 315 ] [ 0.59 0.97 1.47 1.19 1.36 0.76 0.53 ]
24 23 6 1561 7 [ 21 63 126 294 336 399 ] [ 0.70 0.80 1.45 0.97 1.37 0.77 0.41 ]
20 25 3 681 7 [ 84 105 126 189 210 294 ] [ 0.61 0.85 1.09 0.81 1.03 0.98 0.58 ]
25 20 3 681 7 [ 42 63 84 147 189 378 ] [ 0.52 0.99 1.47 0.98 1.02 1.00 0.62 ]
7 25 5 1063 7 [ 105 147 168 210 273 378 ] [ 0.54 0.99 1.60 1.26 1.13 0.94 0.62 ]
25 7 5 1063 7 [ 21 168 252 273 315 336 ] [ 0.46 0.66 1.27 0.88 1.53 1.00 0.41 ]
6 254 4 991 7 [ 21 42 189 252 336 357 ] [ 0.41 0.67 1.32 0.98 1.16 0.92 0.63 ]
254 6 4 991 7 [ 21 168 231 273 294 357 ] [ 0.49 0.65 1.28 0.99 1.31 0.95 0.49 ]
25 26 4 969 7 [ 126 147 210 273 336 399 ] [ 0.65 0.60 1.35 0.90 1.38 0.68 0.49 ]
26 25 4 969 7 [ 21 63 126 168 231 336 ] [ 0.47 0.93 1.18 0.73 1.10 0.74 0.54 ]
22 27 6 1471 7 [ 105 147 210 252 315 336 ] [ 0.67 0.89 1.25 0.84 1.52 0.90 0.59 ]
27 22 6 1471 7 [ 21 63 147 168 189 315 ] [ 0.52 0.90 1.55 0.85 1.23 0.83 0.66 ]
26 27 3 590 7 [ 84 168 315 336 378 399 ] [ 0.59 0.83 1.23 0.95 1.16 0.63 0.60 ]
27 26 3 590 7 [ 63 126 147 189 273 399 ] [ 0.46 0.79 1.14 0.93 1.24 0.69 0.49 ]
26 28 3 720 7 [ 21 84 168 336 357 378 ] [ 0.53 0.84 1.38 1.20 1.04 0.65 0.58 ]
28 26 3 720 7 [ 21 126 210 273 294 399 ] [ 0.56 0.61 1.44 1.07 1.28 0.96 0.41 ]
27 28 4 819 7 [ 42 105 147 168 189 273 ] [ 0.56 0.67 1.48 0.80 1.11 0.99 0.44 ]
28 27 4 819 7 [ 63 105 210 231 252 294 ] [ 0.48 0.75 1.59 0.75 1.39 0.97 0.51 ]
8 28 4 794 7 [ 126 168 189 231 357 378 ] [ 0.53 0.85 1.50 0.78 1.12 0.91 0.43 ]
28 8 4 794 7 [ 21 42 168 210 336 399 ] [ 0.68 0.81 1.03 1.16 1.37 0.80 0.51 ]
8 254 3 637 7 [ 21 42 84 168 252 378 ] [ 0.52 0.65 1.04 1.20 1.55 0.60 0.44 ]
254 8 3 637 7 [ 42 63 168 189 273 357 ] [ 0.49 0.86 1.29 1.24 1.01 0.87 0.65 ]
9 29 3 498 7 [ 147 231 273 315 357 378 ] [ 0.46 0.72 1.32 0.95 1.33 0.64 0.58 ]
29 9 3 498 7 [ 105 168 231 273 294 336 ] [ 0.69 0.90 1.02 0.91 1.28 0.69 0.61 ]
28 30 3 559 7 [ 21 42 105 126 189 399 ] [ 0.54 0.77 1.13 1.06 1.19 0.79 0.66 ]
30 28 3 559 7 [ 105 126 168 210 315 336 ] [ 0.54 0.78 1.26 0.99 1.33 0.84 0.65 ]
30 29 2 383 7 [ 42 63 126 147 336 399 ] [ 0.64 0.61 1.44 0.92 1.05 0.95 0.47 ]
29 30 2 383 7 [ 63 105 126 189 294 336 ] [ 0.50 0.88 1.46 1.27 1.43 0.96 0.67 ]
30 31 7 1671 7 [ 21 84 105 189 210 273 ] [ 0.66 0.63 1.07 0.80 1.05 0.91 0.45 ]
31 30 7 1671 7 [ 147 189 210 231 273 399 ] [ 0.51 0.78 1.25 0.83 1.38 0.75 0.59 ]
31 32 2 420 7 [ 147 210 273 294 336 357 ] [ 0.58 0.80 1.39 0.93 1.12 0.62 0.42 ]
32 31 2 420 7 [ 231 252 273 315 357 399 ] [ 0.41 0.93 1.29 0.77 1.49 0.87 0.68 ]
29 32 6 1373 7 [ 84 105 189 273 315 399 ] [ 0.63 0.88 1.45 0.93 1.14 0.84 0.48 ]
32 29 6 1373 7 [ 21 42 105 147 168 189 ] [ 0.54 0.69 1.37 1.07 1.20 0.95 0.50 ]
32 10 1 130 7 [ 84 189 294 357 378 399 ] [ 0.55 0.87 1.57 0.71 1.10 0.96 0.58 ]
10 32 1 130 7 [ 42 126 147 168 273 336 ] [ 0.50 0.62 1.29 0.90 1.43 0.95 0.41 ]
31 33 3 546 7 [ 84 168 189 294 315 399 ] [ 0.68 0.74 1.57 1.13 1.07 0.84 0.68 ]
33 31 3 546 7 [ 21 42 63 84 273 336 ] [ 0.54 0.69 1.48 0.95 1.49 0.91 0.47 ]
33 34 3 510 7 [ 105 147 189 210 315 399 ] [ 0.69 0.93 1.50 1.04 1.08 0.75 0.65 ]
34 33 3 510 7 [ 63 84 126 252 294 357 ] [ 0.53 0.65 1.07 0.92 1.53 0.89 0.67 ]
34 35 2 363 7 [ 84 147 231 273 357 378 ] [ 0.66 0.77 1.06 0.86 1.10 0.79 0.47 ]
35 34 2 363 7 [ 42 63 231 294 336 378 ] [ 0.58 0.81 1.17 1.25 1.04 0.65 0.43 ]
35 32 2 424 7 [ 21 42 168 252 273 399 ] [ 0.64 0.98 1.46 1.18 1.44 0.65 0.46 ]
32 35 2 424 7 [ 42 63 189 210 252 399 ] [ 0.53 0.79 1.11 1.01 1.37 0.72 0.45 ]
35 11 3 673 7 [ 21 42 63 168 210 399 ] [ 0.61 0.90 1.37 0.84 1.26 0.85 0.66 ]
11 35 3 673 7 [ 21 147 189 273 294 315 ] [ 0.42 0.83 1.45 0.78 1.28 0.82 0.42 ]
34 36 4 894 7 [ 21 63 126 273 294 336 ] [ 0.45 0.65 1.23 0.82 1.40 0.82 0.47 ]
36 34 4 894 7 [ 21 147 252 273 294 336 ] [ 0.49 0.61 1.40 1.28 1.32 0.92 0.41 ]
36 12 2 226 7 [ 63 210 231 294 315 399 ] [ 0.57 0.71 1.57 0.88 1.08 0.92 0.63 ]
12 36 2 226 7 [ 42 147 315 336 357 378 ] [ 0.54 0.71 1.25 1.03 1.13 0.70 0.68 ]
37 38 8 2022 7 [ 42 63 126 147 189 315 ] [ 0.44 0.97 1.37 1.22 1.20 1.00 0.47 ]
38 37 8 2022 7 [ 21 42 210 252 273 336 ] [ 0.58 0.93 1.42 1.29 1.37 0.63 0.62 ]
38 39 4 747 7 [ 21 105 252 273 294 315 ] [ 0.47 0.64 1.22 1.15 1.11 0.73 0.58 ]
39 38 4 747 7 [ 84 126 168 315 357 399 ] [ 0.63 0.92 1.23 1.23 1.21 0.68 0.64 ]
38 40 9 2431 7 [ 84 105 147 273 336 378 ] [ 0.66 0.62 1.52 1.01 1.29 0.74 0.43 ]
40 38 9 2431 7 [ 42 63 105 126 147 357 ] [ 0.68 0.64 1.07 0.95 1.30 0.96 0.52 ]
40 33 10 2533 7 [ 63 84 189 294 315 336 ] [ 0.63 0.64 1.15 0.99 1.37 0.90 0.66 ]
33 40 10 2533 7 [ 126 147 189 231 294 315 ] [ 0.68 0.98 1.58 1.11 1.36 0.81 0.49 ]
38 41 13 3644 7 [ 84 147 252 273 294 378 ] [ 0.66 0.79 1.14 1.10 1.60 0.76 0.67 ]
41 38 13 3644 7 [ 42 210 231 252 273 399 ] [ 0.57 0.60 1.38 0.99 1.32 0.95 0.55 ]
41 42 3 605 7 [ 21 63 168 189 252 378 ] [ 0.43 0.82 1.48 0.97 1.40 0.86 0.69 ]
42 41 3 605 7 [ 21 42 105 126 231 315 ] [ 0.69 0.88 1.26 1.22 1.56 0.62 0.47 ]
40 42 14 3742 7 [ 105 147 168 294 315 336 ] [ 0.52 0.97 1.03 1.12 1.04 0.83 0.44 ]
42 40 14 3742 7 [ 21 84 147 273 336 378 ] [ 0.50 0.76 1.44 0.90 1.36 0.78 0.60 ]
42 43 3 666 7 [ 42 105 126 210 273 336 ] [ 0.67 0.82 1.41 0.97 1.52 0.67 0.53 ]
43 42 3 666 7 [ 21 105 189 210 357 399 ] [ 0.45 0.73 1.35 1.12 1.07 0.74 0.53 ]
36 43 18 5067 7 [ 21 63 126 168 378 399 ] [ 0.40 0.71 1.43 0.72 1.29 0.73 0.48 ]
43 36 18 5067 7 [ 63 189 210 231 357 399 ] [ 0.58 0.68 1.27 1.25 1.26 0.92 0.61 ]
13 43 13 3407 7 [ 21 42 63 231 273 336 ] [ 0.47 0.71 1.46 1.14 1.28 0.70 0.41 ]
43 13 13 3407 7 [ 63 189 210 252 336 399 ] [ 0.68 0.89 1.38 1.28 1.10 0.70 0.66 ]
14 44 6 1414 7 [ 42 63 105 168 210 336 ] [ 0.70 0.89 1.28 1.13 1.20 0.78 0.68 ]
44 14 6 1414 7 [ 84 147 168 231 315 378 ] [ 0.64 0.83 1.39 1.16 1.51 0.77 0.60 ]
44 45 10 2781 7 [ 42 105 126 168 231 252 ] [ 0.41 0.96 1.07 1.30 1.33 0.86 0.52 ]
45 44 10 2781 7 [ 126 168 210 273 336 378 ] [ 0.51 0.62 1.22 0.79 1.32 0.89 0.63 ]
45 46 4 844 7 [ 84 147 189 273 315 399 ] [ 0.58 0.61 1.33 0.91 1.43 0.69 0.50 ]
46 45 4 844 7 [ 126 147 210 294 315 336 ] [ 0.41 0.98 1.33 0.79 1.37 0.70 0.53 ]
45 47 4 774 7 [ 21 84 252 273 315 357 ] [ 0.52 0.87 1.09 1.02 1.38 0.91 0.56 ]
47 45 4 774 7 [ 63 84 126 294 336 378 ] [ 0.43 0.81 1.45 0.74 1.53 0.68 0.64 ]
47 48 3 553 7 [ 21 105 189 252 294 315 ] [ 0.47 0.87 1.52 0.75 1.52 0.98 0.67 ]
48 47 3 553 7 [ 21 126 210 273 294 336 ] [ 0.69 0.65 1.48 0.83 1.48 0.89 0.49 ]
45 48 5 1231 7 [ 21 210 231 273 336 399 ] [ 0.58 0.75 1.36 1.03 1.12 0.73 0.66 ]
48 45 5 1231 7 [ 84 147 168 294 315 399 ] [ 0.69 0.83 1.53 1.21 1.08 0.76 0.46 ]
48 49 5 1041 7 [ 21 63 147 210 252 315 ] [ 0.70 0.74 1.46 0.79 1.41 0.86 0.60 ]
49 48 5 1041 7 [ 189 210 252 315 336 378 ] [ 0.68 0.70 1.30 1.26 1.57 0.64 0.56 ]
49 50 6 1486 7 [ 21 210 231 273 315 357 ] [ 0.57 0.95 1.06 0.99 1.30 0.71 0.56 ]
50 49 6 1486 7 [ 42 105 126 147 294 378 ] [ 0.65 0.68 1.54 0.77 1.43 0.82 0.57 ]
50 51 5 1190 7 [ 42 105 252 294 336 378 ] [ 0.44 0.96 1.23 1.13 1.11 0.85 0.43 ]
51 50 5 1190 7 [ 21 84 105 126 147 210 ] [ 0.41 0.61 1.50 0.78 1.54 0.62 0.60 ]
51 52 5 1254 7 [ 105 126 168 231 252 399 ] [ 0.57 0.88 1.60 0.83 1.35 0.60 0.65 ]
52 51 5 1254 7 [ 21 84 126 168 252 315 ] [ 0.43 0.98 1.25 1.04 1.39 0.67 0.41 ]
52 53 3 468 7 [ 63 84 105 168 336 378 ] [ 0.52 0.80 1.45 1.00 1.42 0.74 0.46 ]
53 52 3 468 7 [ 126 147 168 273 315 399 ] [ 0.55 0.81 1.42 1.12 1.48 0.82 0.49 ]
53 54 2 230 7 [ 21 42 231 273 357 378 ] [ 0.41 0.69 1.56 1.07 1.20 0.87 0.42 ]
54 53 2 230 7 [ 21 84 126 147 189 315 ] [ 0.69 0.70 1.31 0.97 1.09 0.64 0.67 ]
54 41 7 1871 7 [ 21 63 147 210 231 294 ] [ 0.59 0.71 1.48 1.09 1.53 0.84 0.56 ]
41 54 7 1871 7 [ 21 105 168 294 336 357 ] [ 0.53 0.98 1.30 1.11 1.37 0.77 0.68 ]
54 52 3 662 7 [ 42 126 168 189 336 399 ] [ 0.56 0.99 1.40 0.71 1.37 0.72 0.54 ]
52 54 3 662 7 [ 42 105 189 231 294 357 ] [ 0.57 0.74 1.21 0.88 1.54 0.98 0.59 ]
43 53 6 1559 7 [ 84 105 126 147 168 399 ] [ 0.44 0.67 1.20 1.10 1.43 0.71 0.57 ]
53 43 6 1559 7 [ 21 126 147 210 231 273 ] [ 0.48 0.93 1.24 1.16 1.46 0.83 0.69 ]
52 55 3 545 7 [ 63 84 189 273 294 399 ] [ 0.66 0.97 1.42 0.90 1.59 0.64 0.49 ]
55 52 3 545 7 [ 84 105 231 294 315 378 ] [ 0.68 0.70 1.28 0.73 1.20 0.86 0.56 ]
55 56 2 341 7 [ 21 63 84 126 252 336 ] [ 0.57 0.89 1.26 0.92 1.42 0.73 0.55 ]
56 55 2 341 7 [ 84 147 189 210 273 357 ] [ 0.49 0.71 1.44 1.26 1.10 0.94 0.50 ]
56 57 2 422 7 [ 21 105 273 357 378 399 ] [ 0.46 0.69 1.17 0.79 1.39 0.84 0.56 ]
57 56 2 422 7 [ 21 84 168 189 294 357 ] [ 0.66 0.84 1.04 1.08 1.59 0.87 0.62 ]
55 57 2 332 7 [ 21 105 147 252 273 336 ] [ 0.66 0.96 1.06 0.89 1.17 0.86 0.58 ]
57 55 2 332 7 [ 42 84 126 168 336 357 ] [ 0.46 0.85 1.19 0.83 1.10 0.99 0.61 ]
57 58 2 324 7 [ 42 147 189 252 273 336 ] [ 0.63 0.95 1.44 0.93 1.44 0.63 0.58 ]
58 57 2 324 7 [ 21 105 126 252 336 357 ] [ 0.48 0.79 1.30 0.93 1.37 0.79 0.59 ]
58 51 3 502 7 [ 84 126 273 315 357 399 ] [ 0.50 0.84 1.13 1.16 1.27 0.66 0.70 ]
51 58 3 502 7 [ 42 210 231 294 378 399 ] [ 0.58 0.64 1.52 1.03 1.20 0.90 0.43 ]
58 59 2 358 7 [ 42 63 105 147 252 294 ] [ 0.59 0.89 1.49 1.19 1.17 0.95 0.60 ]
59 58 2 358 7 [ 21 105 231 315 357 378 ] [ 0.67 0.97 1.45 0.76 1.29 0.77 0.49 ]
50 59 5 1076 7 [ 105 168 231 273 315 399 ] [ 0.57 0.87 1.08 0.88 1.43 0.86 0.68 ]
59 50 5 1076 7 [ 21 105 147 168 189 273 ] [ 0.66 0.81 1.11 0.94 1.58 0.90 0.49 ]
56 60 2 368 7 [ 147 252 273 315 378 399 ] [ 0.64 0.74 1.56 0.76 1.05 0.79 0.68 ]
60 56 2 368 7 [ 42 63 105 210 273 336 ] [ 0.53 0.79 1.29 1.18 1.32 0.97 0.64 ]
60 61 2 376 7 [ 63 105 189 210 231 252 ] [ 0.43 0.63 1.39 0.97 1.30 0.77 0.61 ]
61 60 2 376 7 [ 63 84 105 147 252 294 ] [ 0.60 0.91 1.20 1.20 1.30 0.68 0.44 ]
61 62 7 1669 7 [ 21 42 210 252 357 399 ] [ 0.42 0.79 1.36 0.82 1.26 0.80 0.63 ]
62 61 7 1669 7 [ 42 84 168 189 231 399 ] [ 0.53 0.76 1.37 1.15 1.43 0.81 0.41 ]
59 63 5 1123 7 [ 42 63 126 168 210 231 ] [ 0.61 0.65 1.60 1.07 1.00 0.69 0.69 ]
63 59 5 1123 7 [ 42 63 105 168 315 378 ] [ 0.65 0.64 1.09 0.91 1.19 0.74 0.55 ]
63 64 3 520 7 [ 63 84 252 273 294 378 ] [ 0.54 0.67 1.04 0.96 1.46 0.87 0.50 ]
64 63 3 520 7 [ 21 42 63 105 273 336 ] [ 0.53 0.94 1.34 0.77 1.05 0.62 0.52 ]
64 65 9 2332 7 [ 21 105 147 168 273 357 ] [ 0.58 0.66 1.18 1.24 1.43 0.66 0.40 ]
65 64 9 2332 7 [ 42 168 210 273 378 399 ] [ 0.61 0.76 1.06 1.17 1.02 0.94 0.41 ]
65 3 10 2562 7 [ 126 231 252 294 378 399 ] [ 0.70 0.86 1.06 1.12 1.55 0.68 0.59 ]
3 65 10 2562 7 [ 126 189 210 231 315 378 ] [ 0.43 0.86 1.05 0.93 1.52 0.78 0.43 ]
3 49 8 2191 7 [ 21 84 126 252 315 399 ] [ 0.61 0.77 1.11 1.22 1.54 0.66 0.67 ]
49 3 8 2191 7 [ 63 168 189 252 294 315 ] [ 0.49 0.98 1.40 1.03 1.13 0.99 0.56 ]
3 47 4 874 7 [ 21 84 126 168 210 357 ] [ 0.52 0.99 1.33 1.23 1.02 0.89 0.55 ]
47 3 4 874 7 [ 42 147 210 315 336 378 ] [ 0.51 0.63 1.13 1.07 1.27 0.89 0.54 ]
67 68 7 1781 7 [ 21 147 231 252 294 357 ] [ 0.61 0.97 1.20 1.05 1.07 0.96 0.49 ]
68 67 7 1781 7 [ 21 105 210 231 273 357 ] [ 0.55 0.95 1.51 0.73 1.41 0.73 0.56 ]
68 69 5 1101 7 [ 42 63 252 294 357 399 ] [ 0.59 0.91 1.12 0.86 1.13 0.84 0.52 ]
69 68 5 1101 7 [ 84 168 210 273 315 357 ] [ 0.51 0.67 1.30 1.13 1.36 0.97 0.60 ]
68 70 3 563 7 [ 21 147 168 231 273 399 ] [ 0.67 0.73 1.47 0.93 1.17 0.94 0.55 ]
70 68 3 563 7 [ 105 189 231 273 294 378 ] [ 0.41 0.71 1.35 0.84 1.47 0.64 0.57 ]
69 70 4 984 7 [ 21 84 147 252 315 378 ] [ 0.63 0.84 1.30 1.20 1.53 0.99 0.55 ]
70 69 4 984 7 [ 63 105 147 189 210 231 ] [ 0.44 0.82 1.38 1.08 1.32 0.86 0.50 ]
69 62 11 2931 7 [ 42 84 105 168 189 294 ] [ 0.46 0.87 1.37 0.78 1.26 0.82 0.62 ]
62 69 11 2931 7 [ 105 147 168 252 273 378 ] [ 0.49 0.83 1.16 1.06 1.59 0.85 0.52 ]
70 71 6 1613 7 [ 63 126 210 252 336 399 ] [ 0.57 0.80 1.25 0.99 1.21 0.63 0.54 ]
71 70 6 1613 7 [ 63 84 189 273 294 378 ] [ 0.55 0.92 1.38 1.22 1.53 0.66 0.60 ]
71 72 11 2954 7 [ 42 84 147 168 336 378 ] [ 0.57 0.87 1.38 1.28 1.29 0.78 0.65 ]
72 71 11 2954 7 [ 21 63 210 252 378 399 ] [ 0.65 0.69 1.13 0.89 1.13 0.91 0.67 ]
72 73 3 577 7 [ 84 168 189 231 252 399 ] [ 0.55 0.76 1.54 0.79 1.47 0.98 0.68 ]
73 72 3 577 7 [ 42 105 189 273 336 378 ] [ 0.67 0.84 1.35 1.09 1.02 0.89 0.40 ]
61 73 12 3309 7 [ 84 147 168 210 357 399 ] [ 0.63 0.74 1.54 1.00 1.10 0.60 0.58 ]
73 61 12 3309 7 [ 42 105 252 315 357 378 ] [ 0.70 0.82 1.21 1.06 1.09 0.85 0.61 ]
73 74 3 543 7 [ 21 105 189 210 231 336 ] [ 0.51 0.76 1.59 1.01 1.36 0.85 0.49 ]
74 73 3 543 7 [ 42 105 210 231 273 399 ] [ 0.42 0.63 1.55 1.03 1.02 0.69 0.62 ]
74 72 3 588 7 [ 21 84 231 252 294 357 ] [ 0.45 0.78 1.14 0.79 1.23 0.90 0.64 ]
72 74 3 588 7 [ 21 105 126 231 252 357 ] [ 0.55 0.99 1.34 0.73 1.22 0.91 0.59 ]
41 74 9 2479 7 [ 21 42 105 210 231 378 ] [ 0.41 0.87 1.35 0.93 1.48 0.83 0.57 ]
74 41 9 2479 7 [ 84 168 189 273 357 399 ] [ 0.70 0.82 1.56 1.05 1.19 0.65 0.60 ]
74 75 12 3247 7 [ 21 84 147 189 336 378 ] [ 0.60 0.90 1.19 1.20 1.02 0.75 0.63 ]
75 74 12 3247 7 [ 84 147 168 210 315 336 ] [ 0.50 0.96 1.38 0.86 1.32 0.77 0.59 ]
75 76 5 1169 7 [ 63 105 126 252 315 357 ] [ 0.50 0.81 1.04 0.87 1.57 0.87 0.68 ]
76 75 5 1169 7 [ 42 63 105 168 231 378 ] [ 0.44 0.80 1.34 0.71 1.29 0.68 0.44 ]
76 39 4 1022 7 [ 42 126 168 210 315 357 ] [ 0.51 0.75 1.54 0.94 1.46 0.79 0.59 ]
39 76 4 1022 7 [ 21 84 189 210 378 399 ] [ 0.53 0.78 1.47 1.07 1.32 0.73 0.60 ]
75 77 13 3457 7 [ 63 189 231 252 357 399 ] [ 0.55 0.62 1.45 0.70 1.34 0.97 0.61 ]
77 75 13 3457 7 [ 63 105 189 252 336 399 ] [ 0.60 0.87 1.58 1.26 1.56 0.93 0.44 ]
77 78 2 342 7 [ 63 105 168 210 252 315 ] [ 0.44 0.90 1.08 0.87 1.24 0.73 0.42 ]
78 77 2 342 7 [ 63 147 210 273 357 378 ] [ 0.50 0.70 1.10 1.20 1.45 0.82 0.67 ]
77 79 17 4719 7 [ 42 168 189 210 231 294 ] [ 0.46 0.62 1.48 0.98 1.38 0.71 0.54 ]
79 77 17 4719 7 [ 42 105 231 294 336 399 ] [ 0.70 0.85 1.05 1.05 1.56 0.94 0.60 ]
79 80 2 212 7 [ 105 126 168 210 252 273 ] [ 0.64 0.75 1.39 1.07 1.53 0.81 0.50 ]
80 79 2 212 7 [ 126 168 189 210 252 378 ] [ 0.70 0.91 1.08 0.76 1.55 0.72 0.61 ]
80 71 2 283 7 [ 21 168 210 231 252 336 ] [ 0.49 0.69 1.11 0.81 1.17 0.95 0.65 ]
71 80 2 283 7 [ 42 63 189 231 273 357 ] [ 0.43 0.84 1.38 0.94 1.07 0.75 0.67 ]
80 81 7 1725 7 [ 42 147 168 252 315 399 ] [ 0.44 0.85 1.36 0.80 1.23 0.86 0.47 ]
81 80 7 1725 7 [ 126 147 210 252 315 378 ] [ 0.59 0.98 1.13 1.14 1.22 0.79 0.53 ]
81 70 5 1274 7 [ 84 147 189 231 294 378 ] [ 0.42 0.76 1.44 1.20 1.47 0.75 0.56 ]
70 81 5 1274 7 [ 63 84 189 252 357 378 ] [ 0.45 0.67 1.20 1.07 1.13 0.68 0.69 ]
81 82 2 422 7 [ 42 84 210 231 273 399 ] [ 0.47 0.78 1.38 0.88 1.41 0.72 0.54 ]
82 81 2 422 7 [ 84 105 147 231 336 378 ] [ 0.51 0.86 1.10 0.74 1.23 0.61 0.54 ]
82 83 7 1671 7 [ 84 147 189 210 315 357 ] [ 0.42 0.99 1.49 0.84 1.35 0.63 0.46 ]
83 82 7 1671 7 [ 63 105 252 294 315 336 ] [ 0.63 0.92 1.57 0.78 1.08 0.67 0.62 ]
83 79 5 1294 7 [ 84 105 126 168 357 399 ] [ 0.58 0.87 1.34 0.80 1.25 0.69 0.66 ]
79 83 5 1294 7 [ 63 126 231 294 315 357 ] [ 0.54 0.87 1.56 1.12 1.30 0.61 0.44 ]
83 84 9 2384 7 [ 42 105 126 168 231 252 ] [ 0.50 0.62 1.04 0.95 1.28 0.62 0.47 ]
84 83 9 2384 7 [ 63 84 210 231 273 399 ] [ 0.43 0.98 1.49 0.71 1.42 0.74 0.53 ]
84 85 6 1607 7 [ 21 63 84 273 315 378 ] [ 0.62 0.63 1.30 1.00 1.11 0.83 0.51 ]
85 84 6 1607 7 [ 42 189 294 336 357 378 ] [ 0.62 0.98 1.57 1.06 1.26 0.85 0.61 ]
83 86 6 1479 7 [ 63 105 147 273 315 399 ] [ 0.55 0.86 1.13 0.87 1.08 0.83 0.68 ]
86 83 6 1479 7 [ 21 63 126 231 252 357 ] [ 0.66 0.80 1.54 0.88 1.06 0.82 0.47 ]
85 86 5 1041 7 [ 63 105 126 189 378 399 ] [ 0.48 0.93 1.17 1.03 1.19 0.84 0.69 ]
86 85 5 1041 7 [ 21 126 189 210 294 378 ] [ 0.59 0.62 1.34 1.03 1.36 0.80 0.62 ]
85 87 28 8010 7 [ 21 84 147 294 315 336 ] [ 0.68 0.80 1.45 1.21 1.48 0.62 0.63 ]
87 85 28 8010 7 [ 42 105 147 231 273 336 ] [ 0.40 0.71 1.55 1.13 1.28 0.84 0.48 ]
87 88 3 602 7 [ 42 210 252 294 336 378 ] [ 0.68 0.78 1.16 1.06 1.30 0.69 0.46 ]
88 87 3 602 7 [ 63 168 231 273 336 357 ] [ 0.60 0.89 1.57 1.04 1.29 0.99 0.44 ]
88 89 4 895 7 [ 105 126 168 210 294 399 ] [ 0.59 0.75 1.31 1.23 1.44 0.88 0.68 ]
89 88 4 895 7 [ 210 315 336 357 378 399 ] [ 0.63 0.85 1.30 0.80 1.47 0.85 0.59 ]
254 88 4 883 7 [ 168 189 231 294 378 399 ] [ 0.70 0.82 1.11 1.16 1.10 0.90 0.58 ]
88 254 4 883 7 [ 21 63 189 231 315 378 ] [ 0.53 0.61 1.30 0.76 1.24 0.97 0.61 ]
82 90 11 2892 7 [ 21 126 189 273 378 399 ] [ 0.64 0.69 1.53 0.99 1.30 0.63 0.49 ]
90 82 11 2892 7 [ 21 84 168 189 210 273 ] [ 0.45 0.62 1.28 0.75 1.50 0.77 0.65 ]
90 91 3 450 7 [ 42 63 105 189 273 399 ] [ 0.41 0.77 1.19 1.06 1.39 0.85 0.45 ]
91 90 3 450 7 [ 21 84 168 210 231 336 ] [ 0.61 0.67 1.59 1.09 1.37 1.00 0.42 ]
91 92 4 863 7 [ 21 63 168 231 315 378 ] [ 0.56 0.88 1.59 1.06 1.51 0.82 0.68 ]
92 91 4 863 7 [ 42 252 273 294 315 336 ] [ 0.61 0.74 1.56 1.12 1.06 0.82 0.65 ]
92 93 3 509 7 [ 42 84 189 210 252 273 ] [ 0.66 0.91 1.04 1.16 1.58 0.89 0.63 ]
93 92 3 509 7 [ 63 84 105 147 294 378 ] [ 0.62 0.95 1.09 0.92 1.51 0.81 0.61 ]
93 91 2 393 7 [ 84 105 210 231 273 315 ] [ 0.58 0.81 1.07 0.83 1.40 0.94 0.54 ]
91 93 2 393 7 [ 42 84 105 231 315 336 ] [ 0.42 0.83 1.28 0.75 1.45 0.61 0.69 ]
67 93 8 2070 7 [ 63 105 126 231 294 399 ] [ 0.49 0.91 1.19 0.99 1.05 0.66 0.68 ]
93 67 8 2070 7 [ 63 168 210 231 252 399 ] [ 0.51 0.84 1.44 1.19 1.54 0.67 0.40 ]
93 94 9 2463 7 [ 105 126 147 315 378 399 ] [ 0.61 0.69 1.17 1.23 1.12 0.88 0.69 ]
94 93 9 2463 7 [ 105 168 210 273 315 378 ] [ 0.41 0.60 1.20 0.73 1.49 0.63 0.57 ]
67 94 6 1390 7 [ 21 84 168 252 294 399 ] [ 0.65 0.68 1.39 0.78 1.22 0.82 0.61 ]
94 67 6 1390 7 [ 63 105 126 168 189 210 ] [ 0.42 0.85 1.31 1.07 1.54 0.81 0.59 ]
2 94 18 5069 7 [ 126 147 168 189 231 252 ] [ 0.40 0.81 1.07 0.84 1.27 0.82 0.44 ]
94 2 18 5069 7 [ 21 63 84 210 252 315 ] [ 0.41 0.75 1.45 1.05 1.45 0.98 0.50 ]
2 95 14 3831 7 [ 84 126 147 273 336 378 ] [ 0.59 0.99 1.27 1.18 1.30 0.86 0.40 ]
95 2 14 3831 7 [ 63 105 252 294 315 357 ] [ 0.60 0.61 1.26 1.27 1.34 0.80 0.46 ]
95 96 8 1948 7 [ 147 252 294 315 336 378 ] [ 0.61 0.97 1.42 1.19 1.04 0.61 0.53 ]
96 95 8 1948 7 [ 63 105 168 210 315 399 ] [ 0.42 0.70 1.40 0.98 1.57 0.61 0.48 ]
92 96 11 3062 7 [ 21 126 189 231 273 357 ] [ 0.50 1.00 1.34 1.00 1.44 0.79 0.62 ]
96 92 11 3062 7 [ 21 84 105 231 294 336 ] [ 0.59 0.97 1.36 1.07 1.57 0.96 0.53 ]
90 98 4 762 7 [ 21 189 252 273 315 357 ] [ 0.41 0.76 1.10 1.09 1.04 0.91 0.40 ]
98 90 4 762 7 [ 21 84 231 294 357 399 ] [ 0.40 0.77 1.47 0.76 1.35 0.93 0.61 ]
97 98 16 4437 7 [ 21 84 231 294 315 357 ] [ 0.54 0.84 1.31 1.16 1.43 0.86 0.65 ]
98 97 16 4437 7 [ 21 42 63 126 252 378 ] [ 0.63 0.66 1.13 1.02 1.06 0.95 0.68 ]
96 97 2 400 7 [ 21 105 168 210 231 294 ] [ 0.59 0.86 1.27 1.25 1.14 0.82 0.44 ]
97 96 2 400 7 [ 168 189 231 273 294 378 ] [ 0.67 0.94 1.59 0.99 1.18 0.63 0.54 ]
95 99 13 3661 7 [ 42 63 84 126 252 378 ] [ 0.57 0.83 1.30 1.15 1.34 0.95 0.46 ]
99 95 13 3661 7 [ 63 147 315 336 357 399 ] [ 0.42 0.71 1.28 1.21 1.38 0.72 0.54 ]
99 1 6 1562 7 [ 42 63 105 126 189 399 ] [ 0.62 0.96 1.46 1.16 1.54 0.75 0.66 ]
1 99 6 1562 7 [ 21 63 189 210 315 357 ] [ 0.56 0.60 1.44 1.13 1.10 0.95 0.62 ]
86 100 6 1423 7 [ 42 126 210 231 315 336 ] [ 0.45 0.83 1.46 1.01 1.39 0.70 0.69 ]
100 86 6 1423 7 [ 42 63 84 315 357 378 ] [ 0.43 1.00 1.26 0.99 1.27 0.87 0.60 ]
100 101 3 715 7 [ 63 84 189 252 294 336 ] [ 0.50 0.95 1.11 0.98 1.53 1.00 0.66 ]
101 100 3 715 7 [ 21 126 147 168 336 378 ] [ 0.59 1.00 1.52 1.02 1.58 0.75 0.65 ]
101 102 3 572 7 [ 63 105 126 210 357 378 ] [ 0.68 0.62 1.42 0.94 1.59 0.73 0.58 ]
102 101 3 572 7 [ 21 63 105 168 273 294 ] [ 0.57 0.86 1.20 0.95 1.32 0.61 0.52 ]
102 103 10 2681 7 [ 21 42 168 189 273 399 ] [ 0.46 0.63 1.38 0.90 1.46 0.84 0.56 ]
103 102 10 2681 7 [ 42 126 189 294 315 357 ] [ 0.59 0.71 1.03 0.99 1.29 0.95 0.50 ]
103 104 5 1298 7 [ 42 84 105 168 210 252 ] [ 0.59 0.67 1.10 0.86 1.08 0.84 0.54 ]
104 103 5 1298 7 [ 63 126 147 231 378 399 ] [ 0.62 0.99 1.22 1.05 1.18 0.73 0.69 ]
104 105 6 1451 7 [ 42 63 189 210 336 399 ] [ 0.52 0.77 1.21 0.84 1.12 0.87 0.47 ]
105 104 6 1451 7 [ 21 84 105 210 231 357 ] [ 0.41 0.91 1.05 1.24 1.01 0.65 0.63 ]
104 106 4 982 7 [ 21 84 105 126 252 294 ] [ 0.70 0.69 1.55 0.81 1.15 0.82 0.50 ]
106 104 4 982 7 [ 105 126 231 252 315 336 ] [ 0.60 0.90 1.22 1.16 1.47 0.84 0.69 ]
106 107 3 497 7 [ 42 63 168 231 294 315 ] [ 0.52 0.78 1.21 1.12 1.12 0.65 0.66 ]
107 106 3 497 7 [ 63 84 126 252 357 399 ] [ 0.50 0.81 1.01 0.87 1.18 0.79 0.64 ]
107 105 3 630 7 [ 21 105 126 231 252 294 ] [ 0.45 0.72 1.26 1.29 1.03 0.64 0.50 ]
105 107 3 630 7 [ 84 189 252 315 336 399 ] [ 0.68 0.61 1.31 1.02 1.42 0.61 0.60 ]
107 108 5 1268 7 [ 63 189 252 294 357 378 ] [ 0.67 0.82 1.47 0.79 1.16 0.66 0.51 ]
108 107 5 1268 7 [ 84 168 210 231 315 399 ] [ 0.43 0.61 1.59 1.06 1.29 0.75 0.53 ]
106 108 5 1078 7 [ 84 147 168 210 231 357 ] [ 0.54 0.98 1.57 0.95 1.21 0.95 0.70 ]
108 106 5 1078 7 [ 84 147 168 210 294 336 ] [ 0.46 0.64 1.39 1.20 1.54 0.92 0.57 ]
108 109 7 1724 7 [ 105 210 231 294 378 399 ] [ 0.65 0.75 1.47 0.75 1.25 0.83 0.41 ]
109 108 7 1724 7 [ 21 105 147 273 294 315 ] [ 0.51 0.68 1.42 1.16 1.29 0.98 0.51 ]
101 110 2 436 7 [ 168 189 252 357 378 399 ] [ 0.60 0.80 1.28 0.82 1.02 0.76 0.42 ]
110 101 2 436 7 [ 147 231 315 336 357 399 ] [ 0.65 0.79 1.04 1.15 1.36 0.95 0.59 ]
110 102 2 212 7 [ 42 84 105 168 252 378 ] [ 0.66 0.87 1.05 0.83 1.42 0.74 0.47 ]
102 110 2 212 7 [ 21 231 252 294 378 399 ] [ 0.43 0.92 1.37 1.22 1.48 0.77 0.53 ]
100 111 12 3207 7 [ 21 105 231 252 273 357 ] [ 0.66 0.70 1.04 0.88 1.48 0.87 0.55 ]
111 100 12 3207 7 [ 42 126 189 210 231 336 ] [ 0.54 0.79 1.48 0.93 1.03 0.72 0.53 ]
111 112 3 580 7 [ 84 105 147 231 252 399 ] [ 0.58 0.86 1.43 0.97 1.50 1.00 0.62 ]
112 111 3 580 7 [ 84 126 252 273 315 336 ] [ 0.69 0.63 1.34 0.80 1.13 0.84 0.61 ]
112 113 5 1204 7 [ 21 42 63 84 231 378 ] [ 0.59 0.74 1.06 1.23 1.29 0.62 0.66 ]
113 112 5 1204 7 [ 42 63 126 210 252 399 ] [ 0.41 0.79 1.54 1.24 1.21 0.87 0.54 ]
110 113 8 2014 7 [ 63 126 189 231 273 294 ] [ 0.63 0.97 1.09 0.76 1.27 0.90 0.69 ]
113 110 8 2014 7 [ 42 105 210 294 357 378 ] [ 0.45 0.75 1.27 0.94 1.06 0.81 0.45 ]
103 113 12 3092 7 [ 63 105 294 315 357 399 ] [ 0.65 0.63 1.26 0.86 1.49 0.94 0.47 ]
113 103 12 3092 7 [ 63 126 147 252 294 336 ] [ 0.50 0.80 1.24 0.98 1.18 0.99 0.45 ]
112 114 9 2331 7 [ 126 168 189 210 252 294 ] [ 0.42 0.74 1.14 0.75 1.02 0.89 0.48 ]
114 112 9 2331 7 [ 21 168 189 231 294 315 ] [ 0.61 0.72 1.33 1.18 1.37 0.95 0.55 ]
98 111 10 2533 7 [ 84 168 210 231 315 336 ] [ 0.47 0.92 1.25 0.92 1.33 0.67 0.58 ]
111 98 10 2533 7 [ 21 84 105 231 273 315 ] [ 0.42 0.94 1.25 0.82 1.21 0.61 0.52 ]
114 98 8 1971 7 [ 42 105 210 273 294 399 ] [ 0.57 0.67 1.22 1.00 1.18 0.90 0.43 ]
98 114 8 1971 7 [ 42 63 147 273 294 378 ] [ 0.49 0.86 1.22 1.05 1.57 0.86 0.62 ]
114 115 2 304 7 [ 84 126 189 252 315 336 ] [ 0.66 0.98 1.34 0.92 1.49 0.90 0.55 ]
115 114 2 304 7 [ 63 84 189 231 252 315 ] [ 0.56 0.96 1.29 1.16 1.33 0.85 0.53 ]
115 116 18 4996 7 [ 21 42 63 105 147 231 ] [ 0.47 0.62 1.41 0.88 1.17 0.80 0.55 ]
116 115 18 4996 7 [ 42 63 84 126 252 399 ] [ 0.58 0.66 1.50 0.74 1.55 0.61 0.42 ]
105 117 5 1300 7 [ 147 231 252 273 336 357 ] [ 0.58 0.97 1.22 0.82 1.14 0.78 0.66 ]
117 105 5 1300 7 [ 21 42 63 84 378 399 ] [ 0.43 0.87 1.48 0.93 1.05 0.92 0.58 ]
116 117 9 2279 7 [ 63 84 189 210 315 336 ] [ 0.41 0.93 1.54 1.18 1.38 0.91 0.61 ]
117 116 9 2279 7 [ 126 147 189 294 315 336 ] [ 0.58 0.78 1.41 1.17 1.01 0.86 0.64 ]
117 118 14 3922 7 [ 147 168 189 210 315 378 ] [ 0.60 0.65 1.23 1.05 1.26 0.95 0.69 ]
118 117 14 3922 7 [ 42 63 84 168 336 378 ] [ 0.60 0.74 1.14 0.93 1.52 0.79 0.45 ]
116 118 3 691 7 [ 42 63 84 168 210 231 ] [ 0.58 0.90 1.55 1.23 1.57 0.66 0.45 ]
118 116 3 691 7 [ 21 105 126 210 231 273 ] [ 0.60 0.77 1.18 0.84 1.46 0.94 0.51 ]
118 119 25 7060 7 [ 21 105 231 294 315 378 ] [ 0.59 0.80 1.15 0.98 1.12 0.79 0.44 ]
119 118 25 7060 7 [ 21 42 252 315 357 399 ] [ 0.59 0.97 1.02 1.06 1.48 0.89 0.49 ]
116 120 12 3157 7 [ 84 168 273 294 315 336 ] [ 0.44 0.62 1.07 1.23 1.32 0.96 0.44 ]
120 116 12 3157 7 [ 84 126 147 231 252 399 ] [ 0.56 0.88 1.50 0.86 1.42 0.90 0.67 ]
120 121 10 2760 7 [ 42 105 168 252 294 399 ] [ 0.68 0.93 1.10 0.77 1.31 0.79 0.55 ]
121 120 10 2760 7 [ 42 273 294 336 357 378 ] [ 0.44 0.79 1.16 0.73 1.28 0.97 0.51 ]
121 122 4 843 7 [ 105 126 210 231 315 357 ] [ 0.53 0.84 1.00 0.97 1.26 0.62 0.45 ]
122 121 4 843 7 [ 63 168 189 210 315 399 ] [ 0.46 0.98 1.21 1.23 1.26 0.65 0.45 ]
115 122 16 4529 7 [ 21 42 147 168 252 315 ] [ 0.68 0.72 1.00 1.03 1.34 0.67 0.59 ]
122 115 16 4529 7 [ 63 84 168 189 336 378 ] [ 0.59 0.71 1.29 0.75 1.57 0.96 0.42 ]
121 123 4 910 7 [ 126 147 168 189 315 336 ] [ 0.57 0.93 1.04 0.90 1.20 0.93 0.44 ]
123 121 4 910 7 [ 21 105 252 294 315 378 ] [ 0.55 0.82 1.28 1.11 1.06 0.74 0.42 ]
122 123 3 542 7 [ 63 84 189 273 315 336 ] [ 0.58 0.86 1.20 0.78 1.24 0.63 0.52 ]
123 122 3 542 7 [ 63 84 210 252 294 315 ] [ 0.41 0.85 1.22 0.93 1.21 0.92 0.55 ]
123 124 6 1486 7 [ 63 126 147 189 210 357 ] [ 0.68 0.88 1.45 0.85 1.34 0.94 0.48 ]
124 123 6 1486 7 [ 21 84 147 168 189 357 ] [ 0.69 0.75 1.22 1.20 1.43 0.68 0.53 ]
124 125 3 490 7 [ 42 147 168 231 336 399 ] [ 0.65 0.84 1.12 1.00 1.28 0.85 0.57 ]
125 124 3 490 7 [ 126 168 252 273 294 378 ] [ 0.63 0.70 1.03 0.95 1.09 0.64 0.59 ]
125 126 7 1720 7 [ 105 126 168 189 210 399 ] [ 0.61 0.66 1.30 0.87 1.41 0.99 0.50 ]
126 125 7 1720 7 [ 105 147 231 252 294 315 ] [ 0.41 0.62 1.36 0.93 1.53 0.96 0.68 ]
97 126 13 3483 7 [ 42 84 126 147 189 399 ] [ 0.64 0.72 1.31 0.88 1.30 0.97 0.67 ]
126 97 13 3483 7 [ 84 105 126 147 168 315 ] [ 0.55 0.66 1.49 1.16 1.55 0.70 0.45 ]
126 127 4 904 7 [ 42 63 252 315 357 378 ] [ 0.44 0.79 1.38 0.82 1.22 0.66 0.48 ]
127 126 4 904 7 [ 105 147 189 210 378 399 ] [ 0.56 1.00 1.52 0.84 1.01 0.80 0.62 ]
127 128 2 304 7 [ 42 63 84 168 357 378 ] [ 0.46 0.64 1.54 0.78 1.57 0.97 0.48 ]
128 127 2 304 7 [ 147 189 231 252 336 378 ] [ 0.42 0.85 1.25 0.91 1.05 0.93 0.46 ]
128 129 3 708 7 [ 63 84 105 126 210 252 ] [ 0.59 0.95 1.38 1.13 1.52 0.74 0.55 ]
129 128 3 708 7 [ 63 105 126 210 231 294 ] [ 0.61 0.64 1.50 1.03 1.05 0.74 0.44 ]
129 130 9 2233 7 [ 42 105 126 231 336 378 ] [ 0.65 0.88 1.45 1.24 1.51 0.88 0.60 ]
130 129 9 2233 7 [ 42 63 105 273 315 378 ] [ 0.65 0.85 1.01 1.29 1.39 0.71 0.46 ]
130 99 3 506 7 [ 42 84 168 189 294 378 ] [ 0.43 0.89 1.42 0.95 1.24 0.98 0.52 ]
99 130 3 506 7 [ 105 126 210 252 294 336 ] [ 0.41 0.60 1.07 1.26 1.36 0.63 0.52 ]
131 99 3 572 7 [ 21 42 168 294 357 378 ] [ 0.62 0.67 1.52 0.76 1.07 0.60 0.64 ]
99 131 3 572 7 [ 21 63 147 168 273 336 ] [ 0.46 1.00 1.25 1.28 1.29 0.62 0.67 ]
131 130 2 305 7 [ 21 42 231 252 273 336 ] [ 0.55 0.77 1.10 0.84 1.15 0.99 0.70 ]
130 131 2 305 7 [ 63 84 105 231 252 294 ] [ 0.41 0.69 1.12 0.91 1.32 0.66 0.52 ]
131 132 8 2066 7 [ 126 168 210 252 357 399 ] [ 0.64 0.93 1.01 0.86 1.35 0.66 0.68 ]
132 131 8 2066 7 [ 21 210 231 273 336 399 ] [ 0.51 0.96 1.10 0.71 1.43 0.75 0.49 ]
132 133 2 272 7 [ 21 147 168 252 294 357 ] [ 0.70 0.94 1.06 0.90 1.13 0.71 0.60 ]
133 132 2 272 7 [ 84 126 147 231 294 315 ] [ 0.67 0.90 1.27 1.20 1.13 0.80 0.55 ]
132 134 6 1588 7 [ 42 126 210 252 336 357 ] [ 0.63 0.93 1.33 0.93 1.27 0.93 0.55 ]
134 132 6 1588 7 [ 21 42 84 126 315 357 ] [ 0.52 0.81 1.42 1.27 1.37 0.81 0.48 ]
134 135 7 1753 7 [ 42 63 147 168 189 315 ] [ 0.54 0.64 1.03 1.08 1.55 0.85 0.59 ]
135 134 7 1753 7 [ 84 105 210 231 252 315 ] [ 0.69 0.84 1.06 1.27 1.12 0.69 0.62 ]
135 136 6 1378 7 [ 42 84 105 210 273 315 ] [ 0.45 0.85 1.53 0.72 1.46 0.93 0.44 ]
136 135 6 1378 7 [ 21 63 105 168 294 378 ] [ 0.66 0.77 1.20 1.27 1.12 0.94 0.64 ]
136 129 3 547 7 [ 21 63 147 210 273 336 ] [ 0.69 0.86 1.20 1.30 1.06 0.66 0.45 ]
129 136 3 547 7 [ 21 168 189 231 273 399 ] [ 0.66 0.96 1.57 1.14 1.18 0.74 0.55 ]
136 137 2 224 7 [ 21 63 126 168 189 252 ] [ 0.43 0.85 1.13 0.96 1.00 0.81 0.58 ]
137 136 2 224 7 [ 21 63 84 126 231 336 ] [ 0.53 0.98 1.49 1.29 1.32 0.82 0.64 ]
137 138 2 251 7 [ 63 126 147 189 336 378 ] [ 0.49 1.00 1.25 1.28 1.10 0.93 0.54 ]
138 137 2 251 7 [ 84 210 231 273 294 378 ] [ 0.62 0.62 1.40 1.08 1.59 0.63 0.46 ]
137 128 2 424 7 [ 147 168 189 231 294 336 ] [ 0.45 0.82 1.10 1.08 1.35 0.72 0.41 ]
128 137 2 424 7 [ 42 126 231 357 378 399 ] [ 0.66 0.89 1.18 0.88 1.56 0.65 0.47 ]
138 127 3 589 7 [ 21 42 252 294 315 378 ] [ 0.55 0.99 1.45 0.94 1.18 0.74 0.44 ]
127 138 3 589 7 [ 126 168 210 252 273 336 ] [ 0.57 0.82 1.22 1.14 1.24 0.98 0.44 ]
138 139 4 772 7 [ 21 105 126 168 252 378 ] [ 0.56 0.75 1.46 0.90 1.39 0.61 0.45 ]
139 138 4 772 7 [ 21 126 189 252 294 357 ] [ 0.63 0.98 1.31 1.14 1.43 0.88 0.54 ]
139 140 5 1138 7 [ 21 231 273 294 378 399 ] [ 0.60 0.84 1.50 0.98 1.43 0.79 0.65 ]
140 139 5 1138 7 [ 168 189 273 294 378 399 ] [ 0.58 0.87 1.59 0.78 1.36 0.90 0.44 ]
139 141 2 394 7 [ 63 84 252 336 378 399 ] [ 0.66 0.92 1.43 1.12 1.22 0.64 0.46 ]
141 139 2 394 7 [ 21 42 84 189 231 357 ] [ 0.56 0.76 1.54 0.88 1.51 0.83 0.43 ]
140 141 5 1308 7 [ 63 84 147 294 357 378 ] [ 0.41 0.89 1.44 0.71 1.11 0.74 0.58 ]
141 140 5 1308 7 [ 168 189 210 273 378 399 ] [ 0.65 0.77 1.06 1.12 1.57 0.95 0.48 ]
141 142 34 9647 7 [ 21 126 189 336 357 378 ] [ 0.60 0.96 1.57 1.05 1.06 0.81 0.46 ]
142 141 34 9647 7 [ 21 210 231 273 294 357 ] [ 0.51 0.85 1.13 0.78 1.15 0.63 0.67 ]
142 143 10 2703 7 [ 84 189 273 315 357 378 ] [ 0.61 0.84 1.33 0.90 1.36 0.65 0.69 ]
143 142 10 2703 7 [ 63 189 231 273 315 378 ] [ 0.58 0.86 1.26 1.00 1.06 0.77 0.64 ]
142 144 6 1451 7 [ 252 315 336 357 378 399 ] [ 0.64 0.73 1.17 1.13 1.13 0.93 0.51 ]
144 142 6 1451 7 [ 63 84 126 273 315 336 ] [ 0.56 0.82 1.23 0.99 1.55 1.00 0.62 ]
144 145 12 3385 7 [ 63 147 168 336 357 378 ] [ 0.44 0.86 1.35 0.75 1.48 0.81 0.52 ]
145 144 12 3385 7 [ 42 84 126 252 336 378 ] [ 0.59 0.67 1.35 1.09 1.49 0.95 0.69 ]
135 145 3 604 7 [ 21 84 147 189 231 336 ] [ 0.57 0.95 1.09 0.72 1.40 0.63 0.68 ]
145 135 3 604 7 [ 21 42 147 168 315 399 ] [ 0.65 0.67 1.12 1.22 1.44 0.76 0.52 ]
145 146 7 1812 7 [ 21 84 189 231 378 399 ] [ 0.42 0.78 1.01 0.93 1.52 0.97 0.60 ]
146 145 7 1812 7 [ 21 63 231 273 336 357 ] [ 0.59 0.68 1.34 0.80 1.51 0.62 0.46 ]
134 146 6 1406 7 [ 21 105 126 210 252 336 ] [ 0.40 0.80 1.03 1.13 1.15 0.99 0.67 ]
146 134 6 1406 7 [ 21 42 84 105 189 336 ] [ 0.58 0.84 1.43 1.30 1.00 0.64 0.61 ]
146 147 6 1533 7 [ 126 168 210 252 315 357 ] [ 0.66 0.62 1.03 0.90 1.12 0.70 0.64 ]
147 146 6 1533 7 [ 21 42 63 84 189 315 ] [ 0.52 0.75 1.56 0.87 1.55 0.67 0.63 ]
147 148 3 697 7 [ 21 63 210 273 357 378 ] [ 0.46 0.89 1.52 0.97 1.11 0.67 0.53 ]
148 147 3 697 7 [ 21 42 147 168 189 357 ] [ 0.42 0.61 1.05 1.18 1.20 0.74 0.59 ]
144 147 4 796 7 [ 21 84 168 189 294 315 ] [ 0.59 0.83 1.38 1.12 1.34 0.73 0.52 ]
147 144 4 796 7 [ 63 273 294 315 336 399 ] [ 0.54 0.99 1.39 1.17 1.41 0.84 0.68 ]
140 149 3 547 7 [ 42 168 231 252 336 399 ] [ 0.57 0.94 1.50 0.74 1.13 0.89 0.64 ]
149 140 3 547 7 [ 63 126 210 231 273 357 ] [ 0.46 0.84 1.37 0.71 1.52 0.88 0.59 ]
149 125 4 842 7 [ 84 105 147 210 273 315 ] [ 0.41 0.71 1.08 1.08 1.38 0.65 0.69 ]
125 149 4 842 7 [ 42 210 231 294 315 399 ] [ 0.47 0.91 1.13 1.07 1.27 0.99 0.45 ]
149 124 4 881 7 [ 21 105 231 273 315 399 ] [ 0.61 0.90 1.15 1.02 1.50 0.67 0.57 ]
124 149 4 881 7 [ 21 84 105 210 273 315 ] [ 0.48 0.95 1.22 0.96 1.44 0.61 0.70 ]
149 150 2 364 7 [ 63 126 210 231 273 357 ] [ 0.54 0.68 1.34 0.99 1.23 0.98 0.57 ]
150 149 2 364 7 [ 84 189 210 294 315 378 ] [ 0.45 0.94 1.26 1.09 1.05 0.78 0.62 ]
254 149 3 477 7 [ 21 84 210 231 336 378 ] [ 0.46 0.64 1.10 0.73 1.48 0.78 0.49 ]
149 254 3 477 7 [ 42 105 126 294 336 378 ] [ 0.59 0.63 1.47 0.94 1.00 0.95 0.53 ]
150 151 3 736 7 [ 21 126 168 315 357 378 ] [ 0.55 0.71 1.54 0.75 1.32 0.69 0.58 ]
151 150 3 736 7 [ 105 294 315 357 378 399 ] [ 0.53 0.95 1.28 0.98 1.02 0.65 0.48 ]
151 124 4 971 7 [ 84 189 231 273 315 378 ] [ 0.53 0.68 1.20 1.19 1.07 0.68 0.65 ]
124 151 4 971 7 [ 21 147 210 231 252 273 ] [ 0.46 0.79 1.51 0.74 1.00 0.92 0.57 ]
150 152 5 1253 7 [ 189 210 231 252 357 378 ] [ 0.55 0.97 1.51 0.90 1.22 0.83 0.48 ]
152 150 5 1253 7 [ 63 84 168 210 315 378 ] [ 0.50 0.99 1.33 1.28 1.01 0.96 0.43 ]
151 152 3 636 7 [ 21 42 105 273 315 399 ] [ 0.57 0.92 1.12 1.06 1.23 0.68 0.66 ]
152 151 3 636 7 [ 63 168 189 231 252 399 ] [ 0.52 0.94 1.33 1.27 1.40 0.96 0.58 ]
152 153 3 500 7 [ 42 84 126 147 189 315 ] [ 0.61 0.82 1.48 1.00 1.01 0.78 0.49 ]
153 152 3 500 7 [ 21 42 84 189 357 378 ] [ 0.44 0.77 1.52 1.26 1.47 0.86 0.65 ]
151 154 9 2376 7 [ 21 63 84 105 315 378 ] [ 0.47 0.61 1.57 0.79 1.58 0.75 0.70 ]
154 151 9 2376 7 [ 84 147 168 252 315 378 ] [ 0.65 0.77 1.26 0.83 1.56 0.63 0.53 ]
120 154 16 4308 7 [ 42 147 189 231 252 294 ] [ 0.44 0.80 1.05 0.79 1.53 0.99 0.54 ]
154 120 16 4308 7 [ 42 63 189 273 294 399 ] [ 0.60 0.69 1.43 0.98 1.05 0.66 0.48 ]
154 155 8 2120 7 [ 21 42 105 189 357 378 ] [ 0.48 0.69 1.33 1.07 1.19 0.67 0.51 ]
155 154 8 2120 7 [ 147 189 252 294 336 357 ] [ 0.63 0.75 1.38 0.96 1.49 0.73 0.53 ]
155 156 5 1295 7 [ 42 84 147 273 357 378 ] [ 0.59 0.78 1.10 0.74 1.05 0.89 0.57 ]
156 155 5 1295 7 [ 42 84 126 168 210 399 ] [ 0.45 0.88 1.55 0.89 1.43 0.95 0.66 ]
153 156 12 3174 7 [ 42 105 189 210 294 357 ] [ 0.58 0.84 1.39 0.85 1.53 0.94 0.42 ]
156 153 12 3174 7 [ 63 126 168 231 273 315 ] [ 0.49 0.86 1.28 1.13 1.09 0.75 0.55 ]
153 157 7 1764 7 [ 42 147 189 231 294 315 ] [ 0.42 0.65 1.39 0.85 1.43 0.67 0.60 ]
157 153 7 1764 7 [ 105 231 273 294 336 378 ] [ 0.59 0.66 1.46 1.15 1.20 0.64 0.54 ]
157 158 2 334 7 [ 21 126 168 252 336 378 ] [ 0.48 0.75 1.53 0.90 1.50 0.61 0.62 ]
158 157 2 334 7 [ 63 147 168 189 294 336 ] [ 0.61 0.85 1.49 0.97 1.29 0.60 0.56 ]
157 159 7 1652 7 [ 21 84 126 315 357 378 ] [ 0.57 0.71 1.01 1.14 1.50 0.91 0.50 ]
159 157 7 1652 7 [ 42 84 105 231 273 336 ] [ 0.50 0.99 1.30 1.25 1.10 0.97 0.52 ]
158 159 5 1090 7 [ 105 147 273 294 315 399 ] [ 0.63 0.90 1.57 1.18 1.47 0.88 0.57 ]
159 158 5 1090 7 [ 21 84 168 210 252 273 ] [ 0.63 0.66 1.26 0.76 1.11 0.91 0.43 ]
158 160 19 5318 7 [ 21 63 189 315 336 399 ] [ 0.53 0.68 1.40 1.18 1.50 0.76 0.53 ]
160 158 19 5318 7 [ 63 105 210 252 357 378 ] [ 0.61 0.99 1.08 0.72 1.11 0.95 0.43 ]
155 161 8 1937 7 [ 63 189 231 294 357 399 ] [ 0.41 0.90 1.50 0.76 1.45 0.99 0.67 ]
161 155 8 1937 7 [ 21 126 168 315 357 399 ] [ 0.60 0.82 1.27 1.10 1.11 0.77 0.54 ]
161 119 3 528 7 [ 63 105 168 336 357 399 ] [ 0.48 0.95 1.46 0.78 1.20 0.60 0.58 ]
119 161 3 528 7 [ 21 42 63 168 294 357 ] [ 0.56 0.82 1.18 1.14 1.39 0.96 0.48 ]
161 162 9 2444 7 [ 84 105 231 273 294 357 ] [ 0.55 0.84 1.53 1.09 1.30 0.68 0.68 ]
162 161 9 2444 7 [ 42 84 105 210 252 378 ] [ 0.52 0.73 1.50 1.06 1.01 0.85 0.54 ]
156 162 8 2208 7 [ 21 42 147 189 273 378 ] [ 0.54 0.89 1.41 0.72 1.32 0.98 0.68 ]
162 156 8 2208 7 [ 42 105 147 252 294 315 ] [ 0.55 0.71 1.46 0.78 1.04 0.79 0.57 ]
156 160 15 4163 7 [ 105 168 189 252 315 357 ] [ 0.56 0.87 1.05 1.08 1.36 0.70 0.68 ]
160 156 15 4163 7 [ 42 147 252 357 378 399 ] [ 0.61 0.70 1.21 1.21 1.16 0.78 0.64 ]
160 163 3 650 7 [ 21 147 210 294 315 336 ] [ 0.59 0.81 1.20 0.99 1.33 0.76 0.44 ]
163 160 3 650 7 [ 84 105 126 273 378 399 ] [ 0.59 0.78 1.54 1.03 1.44 0.87 0.67 ]
163 164 4 783 7 [ 63 126 189 336 357 378 ] [ 0.42 0.90 1.48 1.22 1.05 0.87 0.64 ]
164 163 4 783 7 [ 42 147 189 231 273 378 ] [ 0.62 0.62 1.13 1.28 1.49 0.86 0.46 ]
160 164 3 567 7 [ 42 63 105 294 357 399 ] [ 0.60 0.94 1.31 0.95 1.20 0.92 0.51 ]
164 160 3 567 7 [ 126 147 168 189 252 294 ] [ 0.51 0.66 1.36 1.04 1.57 0.86 0.40 ]
164 165 5 1114 7 [ 42 189 273 294 336 378 ] [ 0.56 0.85 1.52 0.71 1.15 0.85 0.62 ]
165 164 5 1114 7 [ 126 189 231 273 294 336 ] [ 0.61 0.97 1.45 0.94 1.34 0.83 0.62 ]
165 166 5 1191 7 [ 105 126 147 168 210 399 ] [ 0.60 0.84 1.04 0.88 1.47 0.76 0.49 ]
166 165 5 1191 7 [ 168 210 294 315 336 357 ] [ 0.59 0.99 1.38 0.79 1.02 0.74 0.50 ]
166 162 3 638 7 [ 21 147 189 210 378 399 ] [ 0.41 0.78 1.06 1.15 1.39 0.73 0.66 ]
162 166 3 638 7 [ 21 63 105 126 210 336 ] [ 0.62 0.89 1.45 1.02 1.50 0.91 0.42 ]
166 167 4 906 7 [ 21 105 126 189 357 378 ] [ 0.40 0.86 1.22 0.77 1.47 0.63 0.52 ]
167 166 4 906 7 [ 63 84 126 273 336 378 ] [ 0.49 0.87 1.58 1.10 1.44 0.87 0.47 ]
162 167 6 1474 7 [ 21 84 168 231 252 378 ] [ 0.68 0.90 1.39 1.12 1.03 0.69 0.55 ]
167 162 6 1474 7 [ 63 126 189 252 315 357 ] [ 0.59 0.93 1.29 0.99 1.25 0.61 0.42 ]
163 168 23 6561 7 [ 21 84 105 210 315 399 ] [ 0.55 0.93 1.59 0.87 1.06 0.99 0.59 ]
168 163 23 6561 7 [ 21 42 105 210 231 378 ] [ 0.43 0.61 1.11 1.23 1.16 0.93 0.46 ]
119 169 13 3454 7 [ 21 84 189 315 336 357 ] [ 0.46 0.94 1.09 1.16 1.52 0.65 0.44 ]
169 119 13 3454 7 [ 84 105 147 210 252 399 ] [ 0.59 0.79 1.21 1.29 1.06 0.68 0.41 ]
169 170 4 971 7 [ 42 63 210 294 315 357 ] [ 0.62 0.87 1.44 0.84 1.07 0.82 0.48 ]
170 169 4 971 7 [ 84 105 294 315 336 399 ] [ 0.57 0.67 1.01 0.93 1.04 0.85 0.54 ]
170 171 4 886 7 [ 105 147 273 294 315 399 ] [ 0.56 0.72 1.58 0.80 1.07 0.74 0.61 ]
171 170 4 886 7 [ 21 63 189 273 315 378 ] [ 0.70 0.85 1.02 1.06 1.49 0.86 0.45 ]
171 172 2 430 7 [ 21 42 84 168 252 273 ] [ 0.62 0.81 1.32 1.11 1.22 0.71 0.53 ]
172 171 2 430 7 [ 21 105 126 189 210 315 ] [ 0.44 0.60 1.59 0.78 1.27 0.92 0.57 ]
170 254 5 1041 7 [ 84 126 189 210 273 336 ] [ 0.42 0.98 1.54 1.16 1.54 0.88 0.66 ]
254 170 5 1041 7 [ 63 105 126 147 168 357 ] [ 0.55 0.84 1.25 0.72 1.03 0.91 0.69 ]
169 173 17 4804 7 [ 42 168 210 273 357 399 ] [ 0.50 0.61 1.11 1.24 1.34 0.94 0.64 ]
173 169 17 4804 7 [ 21 42 231 252 315 399 ] [ 0.53 0.61 1.13 0.99 1.13 0.94 0.45 ]
165 174 3 696 7 [ 21 105 147 336 357 378 ] [ 0.43 0.91 1.43 1.29 1.57 0.95 0.63 ]
174 165 3 696 7 [ 42 63 210 294 336 399 ] [ 0.67 0.60 1.34 1.09 1.02 0.69 0.57 ]
174 175 4 859 7 [ 168 210 252 273 294 357 ] [ 0.68 0.68 1.59 0.74 1.38 0.61 0.66 ]
175 174 4 859 7 [ 84 126 147 252 315 357 ] [ 0.42 0.83 1.46 0.90 1.52 0.78 0.49 ]
167 175 2 271 7 [ 63 84 168 273 315 399 ] [ 0.51 0.77 1.25 1.18 1.49 0.81 0.47 ]
175 167 2 271 7 [ 42 84 147 252 336 378 ] [ 0.42 0.90 1.27 0.75 1.45 0.66 0.62 ]
175 176 5 1324 7 [ 21 63 147 189 252 399 ] [ 0.56 0.85 1.21 1.02 1.41 0.72 0.58 ]
176 175 5 1324 7 [ 63 189 210 336 357 378 ] [ 0.57 0.64 1.31 0.99 1.11 0.79 0.61 ]
176 174 6 1596 7 [ 21 42 210 273 336 399 ] [ 0.46 0.66 1.42 1.24 1.50 0.96 0.54 ]
174 176 6 1596 7 [ 63 105 168 189 210 252 ] [ 0.58 0.69 1.38 0.84 1.34 0.75 0.55 ]
165 177 13 3419 7 [ 21 63 168 189 294 357 ] [ 0.53 0.98 1.53 0.79 1.58 0.97 0.66 ]
177 165 13 3419 7 [ 21 126 231 315 357 378 ] [ 0.46 0.62 1.30 0.96 1.47 0.64 0.52 ]
177 178 8 1982 7 [ 42 63 189 210 336 399 ] [ 0.47 0.62 1.08 1.18 1.12 0.97 0.55 ]
178 177 8 1982 7 [ 63 105 147 168 210 231 ] [ 0.45 0.71 1.15 1.25 1.58 0.68 0.51 ]
178 179 8 2073 7 [ 42 63 84 105 273 378 ] [ 0.41 0.69 1.13 1.04 1.46 0.99 0.66 ]
179 178 8 2073 7 [ 168 231 252 294 357 399 ] [ 0.51 0.91 1.23 1.14 1.02 0.66 0.54 ]
179 176 6 1362 7 [ 42 63 147 189 273 378 ] [ 0.52 0.78 1.13 0.94 1.32 0.78 0.43 ]
176 179 6 1362 7 [ 84 105 126 147 189 315 ] [ 0.50 0.66 1.17 1.13 1.57 0.88 0.42 ]
179 180 4 957 7 [ 42 84 189 210 231 315 ] [ 0.49 0.70 1.18 0.90 1.33 0.99 0.41 ]
180 179 4 957 7 [ 84 105 126 147 231 357 ] [ 0.64 0.78 1.24 1.15 1.01 0.62 0.43 ]
176 180 8 2086 7 [ 84 189 210 294 357 378 ] [ 0.46 0.93 1.22 1.04 1.02 0.66 0.62 ]
180 176 8 2086 7 [ 42 84 189 315 336 378 ] [ 0.47 0.93 1.37 0.96 1.08 0.79 0.58 ]
180 181 4 748 7 [ 42 189 273 315 378 399 ] [ 0.64 0.77 1.34 1.17 1.30 0.73 0.55 ]
181 180 4 748 7 [ 84 126 231 252 273 294 ] [ 0.64 0.72 1.01 0.78 1.55 0.62 0.44 ]
181 173 5 1231 7 [ 126 168 252 336 378 399 ] [ 0.61 0.86 1.23 0.81 1.12 0.99 0.65 ]
173 181 5 1231 7 [ 84 168 189 210 231 399 ] [ 0.49 0.96 1.27 0.93 1.31 0.92 0.68 ]
182 178 5 1316 7 [ 42 84 168 189 210 399 ] [ 0.69 0.60 1.53 0.97 1.29 0.72 0.52 ]
178 182 5 1316 7 [ 42 105 168 231 273 399 ] [ 0.62 0.86 1.37 0.73 1.11 0.82 0.69 ]
178 183 7 1731 7 [ 21 42 126 147 252 315 ] [ 0.49 0.98 1.50 1.16 1.37 0.70 0.67 ]
183 178 7 1731 7 [ 105 126 231 273 315 357 ] [ 0.56 0.81 1.06 1.02 1.44 0.60 0.51 ]
177 184 9 2259 7 [ 105 231 252 294 336 399 ] [ 0.69 0.80 1.34 0.93 1.28 0.72 0.41 ]
184 177 9 2259 7 [ 42 147 168 189 378 399 ] [ 0.65 0.90 1.36 0.94 1.34 0.96 0.69 ]
184 185 12 3109 7 [ 126 168 210 294 315 357 ] [ 0.45 0.94 1.06 0.99 1.32 0.99 0.47 ]
185 184 12 3109 7 [ 84 105 168 189 210 231 ] [ 0.60 0.61 1.47 1.05 1.09 0.66 0.49 ]
185 186 5 1269 7 [ 105 210 252 273 294 357 ] [ 0.53 0.60 1.09 1.24 1.31 0.74 0.45 ]
186 185 5 1269 7 [ 21 42 126 147 231 378 ] [ 0.51 0.68 1.07 1.23 1.11 0.85 0.48 ]
186 187 12 3112 7 [ 42 84 126 189 210 294 ] [ 0.46 0.84 1.59 1.19 1.13 0.83 0.51 ]
187 186 12 3112 7 [ 42 105 210 231 252 336 ] [ 0.45 0.78 1.07 0.82 1.24 0.85 0.61 ]
189 193 12 3251 7 [ 42 105 189 231 315 399 ] [ 0.62 0.64 1.57 1.05 1.52 0.95 0.64 ]
193 189 12 3251 7 [ 21 84 126 252 336 378 ] [ 0.45 0.68 1.18 0.89 1.36 0.91 0.66 ]
193 194 2 376 7 [ 21 105 126 210 273 336 ] [ 0.52 0.67 1.33 0.81 1.57 0.64 0.60 ]
194 193 2 376 7 [ 42 63 105 126 189 336 ] [ 0.45 0.84 1.05 0.91 1.17 0.97 0.60 ]
194 195 2 292 7 [ 42 168 231 273 315 336 ] [ 0.49 0.94 1.35 0.91 1.49 0.72 0.51 ]
195 194 2 292 7 [ 21 189 252 315 378 399 ] [ 0.52 0.66 1.14 0.92 1.06 0.96 0.58 ]
194 196 2 301 7 [ 63 105 126 168 273 294 ] [ 0.43 0.71 1.44 0.73 1.23 0.63 0.65 ]
196 194 2 301 7 [ 63 126 168 273 315 399 ] [ 0.48 0.88 1.55 0.84 1.27 0.99 0.43 ]
185 196 12 3261 7 [ 21 42 84 105 231 294 ] [ 0.46 0.64 1.24 1.11 1.06 0.76 0.58 ]
196 185 12 3261 7 [ 84 168 252 315 336 399 ] [ 0.42 0.72 1.36 1.17 1.23 0.90 0.54 ]
196 197 2 309 7 [ 42 63 126 168 315 378 ] [ 0.44 0.66 1.44 1.12 1.42 0.99 0.48 ]
197 196 2 309 7 [ 21 105 189 252 294 378 ] [ 0.61 0.75 1.25 0.83 1.45 0.74 0.61 ]
195 197 2 206 7 [ 21 105 147 189 273 378 ] [ 0.49 0.87 1.24 0.99 1.02 0.65 0.61 ]
197 195 2 206 7 [ 126 168 189 252 315 336 ] [ 0.45 0.89 1.52 1.19 1.04 0.97 0.42 ]
197 198 12 3240 7 [ 105 147 210 231 294 315 ] [ 0.68 0.84 1.26 0.75 1.48 0.70 0.47 ]
198 197 12 3240 7 [ 42 84 189 210 252 273 ] [ 0.59 0.69 1.09 0.95 1.45 0.84 0.66 ]
195 198 11 3076 7 [ 147 294 315 336 378 399 ] [ 0.63 0.96 1.58 0.84 1.06 0.95 0.55 ]
198 195 11 3076 7 [ 21 42 147 273 315 336 ] [ 0.65 0.92 1.03 0.88 1.51 0.93 0.40 ]
198 199 10 2518 7 [ 21 63 84 294 357 378 ] [ 0.57 0.97 1.30 1.11 1.58 0.79 0.68 ]
199 198 10 2518 7 [ 105 126 147 168 336 357 ] [ 0.58 0.91 1.20 0.78 1.53 0.73 0.47 ]
199 200 4 950 7 [ 84 105 189 231 336 378 ] [ 0.60 0.78 1.43 1.08 1.19 0.72 0.70 ]
200 199 4 950 7 [ 42 84 105 273 336 378 ] [ 0.55 0.93 1.23 1.07 1.42 0.86 0.64 ]
199 201 4 937 7 [ 105 189 273 315 336 357 ] [ 0.46 0.68 1.25 0.80 1.37 0.89 0.69 ]
201 199 4 937 7 [ 21 84 231 252 273 399 ] [ 0.59 0.71 1.33 1.03 1.17 0.63 0.64 ]
200 201 2 402 7 [ 42 105 210 357 378 399 ] [ 0.47 0.73 1.17 0.95 1.48 0.97 0.41 ]
201 200 2 402 7 [ 21 210 294 357 378 399 ] [ 0.52 0.92 1.28 0.93 1.24 0.79 0.52 ]
201 202 6 1544 7 [ 42 147 168 231 252 399 ] [ 0.59 0.94 1.59 1.22 1.49 0.80 0.48 ]
202 201 6 1544 7 [ 42 84 189 252 273 336 ] [ 0.51 0.69 1.42 1.07 1.04 0.82 0.52 ]
202 203 10 2782 7 [ 189 210 231 252 336 378 ] [ 0.69 0.60 1.02 1.07 1.59 0.75 0.68 ]
203 202 10 2782 7 [ 63 105 147 252 273 399 ] [ 0.55 0.95 1.40 0.85 1.04 0.63 0.70 ]
202 250 19 5204 7 [ 63 84 105 126 189 399 ] [ 0.44 0.69 1.21 0.73 1.31 0.73 0.47 ]
250 202 19 5204 7 [ 105 189 210 315 336 357 ] [ 0.44 0.98 1.12 1.11 1.05 0.82 0.49 ]
251 203 6 1611 7 [ 105 168 189 315 336 378 ] [ 0.57 0.99 1.59 1.02 1.19 0.75 0.61 ]
203 251 6 1611 7 [ 84 105 210 231 252 357 ] [ 0.69 0.73 1.07 1.27 1.56 0.90 0.68 ]
203 204 9 2263 7 [ 147 189 252 315 336 378 ] [ 0.56 0.76 1.54 0.76 1.24 0.97 0.51 ]
204 203 9 2263 7 [ 42 84 105 126 189 273 ] [ 0.57 0.83 1.37 0.85 1.13 0.85 0.45 ]
200 205 4 883 7 [ 42 63 147 210 231 336 ] [ 0.59 0.65 1.44 1.27 1.44 0.89 0.57 ]
205 200 4 883 7 [ 126 168 210 231 252 378 ] [ 0.62 0.98 1.54 1.15 1.14 0.79 0.46 ]
205 204 9 2489 7 [ 21 42 105 147 357 378 ] [ 0.48 0.68 1.52 1.26 1.17 0.88 0.63 ]
204 205 9 2489 7 [ 21 42 63 189 294 336 ] [ 0.60 0.99 1.33 0.87 1.10 0.69 0.53 ]
204 206 7 1895 7 [ 21 63 105 189 252 399 ] [ 0.45 0.61 1.55 0.72 1.31 0.90 0.49 ]
206 204 7 1895 7 [ 21 42 84 105 147 357 ] [ 0.66 0.99 1.06 1.27 1.48 0.83 0.48 ]
206 207 11 2848 7 [ 42 63 84 252 294 378 ] [ 0.47 0.78 1.36 1.01 1.35 0.80 0.69 ]
207 206 11 2848 7 [ 21 42 105 126 189 252 ] [ 0.61 0.66 1.38 1.14 1.25 0.86 0.66 ]
208 209 6 1518 7 [ 21 63 126 231 357 399 ] [ 0.59 0.92 1.23 1.04 1.08 0.61 0.57 ]
209 208 6 1518 7 [ 42 168 294 336 357 378 ] [ 0.51 0.97 1.11 0.78 1.25 0.80 0.69 ]
209 210 2 364 7 [ 21 105 168 273 315 399 ] [ 0.51 0.71 1.28 1.16 1.44 0.64 0.53 ]
210 209 2 364 7 [ 21 126 231 294 336 378 ] [ 0.69 0.68 1.46 0.98 1.05 0.79 0.45 ]
209 211 17 4722 7 [ 84 168 189 210 336 399 ] [ 0.50 0.64 1.55 0.89 1.26 0.97 0.69 ]
211 209 17 4722 7 [ 42 84 126 147 252 399 ] [ 0.41 0.98 1.10 0.73 1.35 0.69 0.57 ]
206 211 20 5738 7 [ 84 105 147 189 315 399 ] [ 0.54 0.81 1.55 1.04 1.57 0.93 0.49 ]
211 206 20 5738 7 [ 126 147 210 252 273 357 ] [ 0.41 0.91 1.53 1.05 1.32 0.79 0.41 ]
205 212 7 1700 7 [ 21 63 105 126 189 399 ] [ 0.61 0.80 1.10 0.98 1.09 0.63 0.54 ]
212 205 7 1700 7 [ 21 42 84 315 336 357 ] [ 0.46 0.70 1.11 1.27 1.44 0.74 0.43 ]
212 213 5 1250 7 [ 105 126 147 210 294 399 ] [ 0.47 0.60 1.40 1.01 1.06 0.93 0.56 ]
213 212 5 1250 7 [ 63 168 210 252 294 315 ] [ 0.40 0.99 1.43 0.79 1.44 0.72 0.43 ]
212 214 6 1561 7 [ 105 168 189 315 357 378 ] [ 0.58 0.78 1.36 1.22 1.35 0.79 0.63 ]
214 212 6 1561 7 [ 21 42 168 294 336 399 ] [ 0.67 0.75 1.10 0.90 1.03 0.67 0.61 ]
213 214 5 1265 7 [ 21 42 147 273 294 399 ] [ 0.64 0.92 1.22 1.21 1.55 0.98 0.44 ]
214 213 5 1265 7 [ 168 231 273 315 378 399 ] [ 0.42 0.90 1.46 1.10 1.13 0.71 0.55 ]
213 215 23 6400 7 [ 84 189 252 315 357 378 ] [ 0.50 0.98 1.40 0.95 1.40 0.86 0.51 ]
215 213 23 6400 7 [ 84 126 189 252 294 357 ] [ 0.60 0.68 1.51 0.87 1.32 0.69 0.47 ]
215 216 9 2285 7 [ 42 105 147 189 252 357 ] [ 0.45 0.81 1.59 1.00 1.16 0.88 0.49 ]
216 215 9 2285 7 [ 21 63 126 210 231 273 ] [ 0.65 0.75 1.13 1.04 1.38 0.98 0.53 ]
217 218 7 1659 7 [ 21 63 231 252 294 315 ] [ 0.65 0.93 1.29 0.76 1.60 0.80 0.63 ]
218 217 7 1659 7 [ 42 168 231 315 378 399 ] [ 0.55 0.83 1.36 1.23 1.01 0.65 0.57 ]
218 219 5 1320 7 [ 42 105 126 147 210 336 ] [ 0.51 0.69 1.32 1.11 1.02 0.83 0.49 ]
219 218 5 1320 7 [ 189 210 231 273 357 399 ] [ 0.61 0.84 1.55 1.11 1.13 0.67 0.47 ]
218 215 6 1346 7 [ 21 84 147 273 294 357 ] [ 0.46 0.70 1.07 1.27 1.16 0.78 0.54 ]
215 218 6 1346 7 [ 42 147 189 252 273 357 ] [ 0.50 0.62 1.46 1.02 1.10 0.96 0.69 ]
214 220 17 4667 7 [ 42 84 126 147 189 399 ] [ 0.60 0.86 1.30 0.85 1.32 0.96 0.64 ]
220 214 17 4667 7 [ 84 147 168 231 294 336 ] [ 0.46 0.71 1.38 0.75 1.40 0.63 0.44 ]
223 224 3 545 7 [ 126 210 252 336 357 378 ] [ 0.55 0.75 1.31 0.78 1.38 0.63 0.61 ]
224 223 3 545 7 [ 63 105 126 210 231 399 ] [ 0.60 0.71 1.25 1.29 1.30 0.64 0.45 ]
223 225 4 745 7 [ 21 147 189 210 315 399 ] [ 0.69 0.97 1.24 1.29 1.08 0.95 0.46 ]
225 223 4 745 7 [ 126 189 231 252 336 378 ] [ 0.53 0.91 1.10 0.84 1.28 0.68 0.47 ]
222 224 5 1070 7 [ 105 126 168 210 294 336 ] [ 0.68 0.68 1.05 1.15 1.51 0.60 0.61 ]
224 222 5 1070 7 [ 84 105 189 231 294 315 ] [ 0.62 0.72 1.23 1.09 1.30 0.76 0.65 ]
222 226 5 1133 7 [ 63 189 210 273 294 336 ] [ 0.42 0.81 1.25 1.21 1.09 0.99 0.65 ]
226 222 5 1133 7 [ 42 189 210 231 336 378 ] [ 0.59 0.72 1.36 1.18 1.23 0.84 0.43 ]
226 227 12 3200 7 [ 63 147 231 273 315 357 ] [ 0.53 0.81 1.34 1.11 1.09 0.92 0.48 ]
227 226 12 3200 7 [ 63 84 273 315 378 399 ] [ 0.48 0.70 1.04 0.83 1.43 0.90 0.61 ]
222 228 10 2680 7 [ 21 42 84 189 357 378 ] [ 0.63 0.66 1.20 1.06 1.53 0.75 0.54 ]
228 222 10 2680 7 [ 42 105 147 252 273 357 ] [ 0.45 0.83 1.48 1.08 1.50 0.98 0.42 ]
228 229 2 418 7 [ 21 84 168 231 336 378 ] [ 0.58 0.81 1.25 1.10 1.38 0.73 0.43 ]
229 228 2 418 7 [ 21 42 63 210 315 378 ] [ 0.64 0.61 1.29 0.85 1.46 0.75 0.67 ]
229 230 2 326 7 [ 42 63 210 231 315 378 ] [ 0.59 0.86 1.55 1.08 1.28 0.87 0.56 ]
230 229 2 326 7 [ 63 147 168 294 315 336 ] [ 0.53 0.74 1.12 0.82 1.36 0.97 0.42 ]
228 230 2 220 7 [ 21 105 189 294 336 357 ] [ 0.67 0.80 1.45 0.74 1.19 0.72 0.68 ]
230 228 2 220 7 [ 42 63 126 210 336 399 ] [ 0.47 0.95 1.42 0.90 1.15 0.79 0.47 ]
230 231 6 1412 7 [ 84 105 126 147 231 378 ] [ 0.57 0.98 1.51 0.72 1.34 0.91 0.58 ]
231 230 6 1412 7 [ 42 84 105 147 168 210 ] [ 0.46 0.89 1.37 0.70 1.27 0.60 0.67 ]
231 232 15 4093 7 [ 147 252 273 294 315 378 ] [ 0.55 0.75 1.36 1.05 1.07 0.92 0.47 ]
232 231 15 4093 7 [ 21 63 105 189 273 294 ] [ 0.51 0.96 1.46 1.13 1.48 0.78 0.59 ]
232 233 15 4007 7 [ 21 126 210 231 294 357 ] [ 0.56 0.93 1.01 1.08 1.47 0.70 0.52 ]
233 232 15 4007 7 [ 126 147 168 189 294 315 ] [ 0.52 0.83 1.40 0.89 1.08 0.92 0.50 ]
232 254 2 354 7 [ 42 168 210 294 336 399 ] [ 0.60 0.81 1.19 0.72 1.00 0.74 0.59 ]
254 232 2 354 7 [ 126 231 294 336 378 399 ] [ 0.56 0.78 1.34 1.21 1.17 0.78 0.50 ]
231 233 26 7275 7 [ 105 210 273 357 378 399 ] [ 0.70 0.85 1.20 0.79 1.37 0.93 0.68 ]
233 231 26 7275 7 [ 84 147 168 210 231 378 ] [ 0.48 0.91 1.26 1.13 1.26 0.85 0.47 ]
229 234 13 3445 7 [ 21 147 189 231 273 357 ] [ 0.48 0.75 1.56 0.92 1.55 0.80 0.62 ]
234 229 13 3445 7 [ 21 63 84 147 336 399 ] [ 0.50 0.74 1.58 0.89 1.32 0.94 0.57 ]
234 235 7 1645 7 [ 21 63 84 126 315 378 ] [ 0.55 0.60 1.47 1.14 1.04 0.93 0.46 ]
235 234 7 1645 7 [ 42 105 252 273 315 378 ] [ 0.45 0.73 1.02 1.18 1.30 0.79 0.65 ]
235 236 5 1063 7 [ 21 63 84 273 294 399 ] [ 0.52 0.94 1.04 0.78 1.49 0.68 0.69 ]
236 235 5 1063 7 [ 84 126 168 210 378 399 ] [ 0.44 0.64 1.04 0.78 1.58 0.84 0.43 ]
235 237 7 1669 7 [ 21 189 252 294 378 399 ] [ 0.61 0.63 1.53 0.77 1.08 0.70 0.51 ]
237 235 7 1669 7 [ 84 105 126 168 189 399 ] [ 0.53 0.67 1.53 1.23 1.09 0.79 0.64 ]
237 192 4 901 7 [ 21 63 105 189 210 357 ] [ 0.55 0.74 1.20 0.94 1.40 0.85 0.52 ]
192 237 4 901 7 [ 63 189 231 273 357 399 ] [ 0.48 0.86 1.38 1.15 1.58 0.77 0.47 ]
237 238 5 1077 7 [ 126 168 231 315 357 378 ] [ 0.60 0.78 1.45 1.04 1.09 0.87 0.67 ]
238 237 5 1077 7 [ 21 63 84 105 147 357 ] [ 0.69 0.85 1.59 1.07 1.14 0.82 0.40 ]
238 234 6 1426 7 [ 21 42 84 168 273 315 ] [ 0.65 0.93 1.17 0.77 1.31 0.63 0.68 ]
234 238 6 1426 7 [ 42 147 210 273 378 399 ] [ 0.63 0.81 1.27 0.88 1.32 0.84 0.50 ]
240 241 5 1248 7 [ 63 189 210 273 315 336 ] [ 0.58 0.85 1.57 1.28 1.59 0.80 0.62 ]
241 240 5 1248 7 [ 84 105 168 231 315 336 ] [ 0.58 0.72 1.31 0.83 1.10 0.66 0.54 ]
241 191 2 403 7 [ 63 84 168 294 336 378 ] [ 0.42 0.84 1.39 0.99 1.36 0.92 0.64 ]
191 241 2 403 7 [ 42 105 210 231 252 357 ] [ 0.55 0.86 1.34 0.89 1.59 0.76 0.64 ]
241 242 7 1690 7 [ 42 84 168 210 231 252 ] [ 0.57 0.61 1.58 1.04 1.43 0.64 0.64 ]
242 241 7 1690 7 [ 21 42 84 105 189 315 ] [ 0.58 0.73 1.42 1.07 1.44 0.87 0.43 ]
240 242 5 1217 7 [ 105 189 252 336 357 399 ] [ 0.43 0.78 1.57 0.99 1.53 0.65 0.53 ]
242 240 5 1217 7 [ 21 84 147 210 231 378 ] [ 0.55 0.93 1.35 0.84 1.23 0.96 0.54 ]
242 243 6 1580 7 [ 21 63 147 168 210 336 ] [ 0.52 0.65 1.54 1.25 1.09 0.78 0.44 ]
243 242 6 1580 7 [ 21 63 84 105 210 378 ] [ 0.58 0.92 1.02 1.23 1.18 0.68 0.51 ]
242 244 7 1752 7 [ 63 189 210 315 357 378 ] [ 0.50 0.85 1.51 0.74 1.42 0.66 0.60 ]
244 242 7 1752 7 [ 63 126 210 273 315 357 ] [ 0.45 0.68 1.15 0.81 1.00 0.61 0.68 ]
243 244 3 620 7 [ 42 105 189 294 336 378 ] [ 0.55 0.70 1.50 0.84 1.28 0.82 0.66 ]
244 243 3 620 7 [ 105 273 315 336 357 378 ] [ 0.48 0.74 1.18 0.97 1.28 0.72 0.43 ]
243 193 5 1198 7 [ 63 84 189 210 231 315 ] [ 0.64 0.77 1.43 1.23 1.31 0.67 0.58 ]
193 243 5 1198 7 [ 63 147 273 294 336 399 ] [ 0.60 0.81 1.36 0.87 1.19 0.63 0.45 ]
244 245 19 5203 7 [ 126 231 252 357 378 399 ] [ 0.66 0.98 1.35 0.96 1.17 0.63 0.60 ]
245 244 19 5203 7 [ 21 42 126 210 231 315 ] [ 0.70 0.90 1.55 1.15 1.33 0.77 0.57 ]
245 214 6 1326 7 [ 63 105 126 294 315 378 ] [ 0.46 0.83 1.17 1.25 1.41 0.80 0.67 ]
214 245 6 1326 7 [ 21 84 126 189 210 252 ] [ 0.45 0.65 1.16 0.73 1.37 0.69 0.48 ]
245 246 10 2680 7 [ 42 105 273 294 357 378 ] [ 0.53 0.69 1.33 1.14 1.31 0.90 0.69 ]
246 245 10 2680 7 [ 189 210 231 294 336 357 ] [ 0.53 0.69 1.20 1.08 1.57 0.79 0.52 ]
246 247 8 2068 7 [ 42 63 105 189 252 294 ] [ 0.56 0.72 1.17 1.12 1.29 0.88 0.44 ]
247 246 8 2068 7 [ 105 189 273 336 357 378 ] [ 0.55 0.80 1.59 1.17 1.44 0.92 0.69 ]
244 247 11 2904 7 [ 21 168 189 273 315 399 ] [ 0.55 0.65 1.18 1.25 1.45 0.90 0.55 ]
247 244 11 2904 7 [ 21 42 168 210 294 336 ] [ 0.59 0.75 1.04 0.89 1.30 0.89 0.65 ]
247 248 3 624 7 [ 42 84 105 189 273 378 ] [ 0.68 0.85 1.10 1.10 1.13 0.77 0.69 ]
248 247 3 624 7 [ 63 105 168 210 294 336 ] [ 0.49 0.68 1.53 0.75 1.13 0.72 0.43 ]
248 239 4 876 7 [ 42 63 84 357 378 399 ] [ 0.61 0.81 1.07 0.81 1.40 0.76 0.53 ]
239 248 4 876 7 [ 126 168 252 273 336 399 ] [ 0.55 0.94 1.41 0.73 1.30 0.63 0.41 ]
248 249 7 1840 7 [ 42 126 189 210 336 378 ] [ 0.59 0.98 1.10 1.03 1.02 0.92 0.46 ]
249 248 7 1840 7 [ 126 147 273 294 357 399 ] [ 0.47 0.97 1.27 1.04 1.17 0.74 0.65 ]
246 249 6 1432 7 [ 21 84 126 252 294 336 ] [ 0.58 0.81 1.09 0.93 1.50 0.98 0.56 ]
249 246 6 1432 7 [ 21 84 126 168 273 315 ] [ 0.67 0.96 1.39 0.75 1.04 0.79 0.53 ]
249 228 4 812 7 [ 21 84 189 231 336 378 ] [ 0.47 0.98 1.49 0.86 1.08 0.89 0.45 ]
228 249 4 812 7 [ 126 147 168 231 252 315 ] [ 0.67 0.91 1.09 1.24 1.44 0.70 0.58 ]
221 246 11 2857 7 [ 126 147 189 210 294 315 ] [ 0.52 0.97 1.00 0.83 1.38 0.72 0.63 ]
246 221 11 2857 7 [ 42 105 273 294 315 378 ] [ 0.57 0.62 1.04 0.95 1.42 0.79 0.57 ]
24 0 11 0 7 [ 42 63 126 231 252 294 ] [ 0.66 0.92 1.24 1.01 1.12 0.62 0.53 ]
0 24 11 0 7 [ 21 42 105 126 273 378 ] [ 0.45 0.92 1.06 0.84 1.27 0.92 0.55 ]
24 37 3 0 7 [ 189 210 252 294 357 378 ] [ 0.52 0.77 1.59 1.13 1.29 0.63 0.60 ]
37 24 3 0 7 [ 126 231 252 294 336 399 ] [ 0.63 0.81 1.23 0.93 1.47 0.68 0.65 ]
63 66 12 0 7 [ 105 147 168 231 252 294 ] [ 0.63 0.73 1.55 1.15 1.38 0.89 0.45 ]
66 63 12 0 7 [ 42 63 168 231 252 357 ] [ 0.50 0.97 1.10 0.89 1.49 0.63 0.59 ]
65 66 15 0 7 [ 84 210 252 273 336 357 ] [ 0.63 0.86 1.54 1.07 1.33 0.77 0.65 ]
66 65 15 0 7 [ 21 42 84 210 252 399 ] [ 0.59 0.95 1.05 1.20 1.38 0.72 0.51 ]
66 67 16 0 7 [ 42 147 294 315 357 399 ] [ 0.65 0.89 1.09 1.04 1.13 0.91 0.60 ]
67 66 16 0 7 [ 42 63 168 294 315 336 ] [ 0.63 0.62 1.02 1.08 1.24 0.79 0.61 ]
173 182 4 0 7 [ 105 126 189 252 315 399 ] [ 0.44 0.85 1.02 1.19 1.18 0.82 0.69 ]
182 173 4 0 7 [ 84 105 147 168 252 378 ] [ 0.62 0.85 1.36 1.08 1.54 0.84 0.59 ]
183 184 6 0 7 [ 42 63 189 252 294 315 ] [ 0.42 0.72 1.19 0.85 1.47 0.89 0.44 ]
184 183 6 0 7 [ 63 147 252 273 294 399 ] [ 0.47 0.61 1.48 1.10 1.53 0.63 0.53 ]
184 252 13 0 7 [ 63 147 231 273 294 336 ] [ 0.61 0.71 1.57 1.00 1.09 0.81 0.44 ]
252 184 13 0 7 [ 84 147 210 231 273 315 ] [ 0.65 0.79 1.51 1.17 1.52 0.63 0.41 ]
183 186 6 0 7 [ 63 126 168 252 315 357 ] [ 0.53 0.65 1.12 1.01 1.52 0.89 0.54 ]
186 183 6 0 7 [ 21 63 105 231 336 399 ] [ 0.51 0.99 1.59 0.93 1.18 0.62 0.48 ]
187 173 8 0 7 [ 42 231 252 294 315 336 ] [ 0.61 0.80 1.34 0.94 1.59 0.95 0.49 ]
173 187 8 0 7 [ 42 126 147 315 336 399 ] [ 0.44 0.81 1.43 0.75 1.22 0.67 0.63 ]
187 188 4 0 7 [ 105 147 168 231 273 315 ] [ 0.56 0.97 1.54 0.78 1.23 0.99 0.59 ]
188 187 4 0 7 [ 42 84 105 126 189 294 ] [ 0.50 0.97 1.24 1.01 1.40 0.92 0.53 ]
188 189 10 0 7 [ 42 84 231 315 336 399 ] [ 0.58 0.70 1.15 0.75 1.16 0.78 0.56 ]
189 188 10 0 7 [ 21 63 252 315 357 399 ] [ 0.42 0.75 1.20 0.74 1.29 0.99 0.51 ]
188 190 4 0 7 [ 42 63 147 168 189 378 ] [ 0.59 0.72 1.05 0.87 1.48 0.73 0.56 ]
190 188 4 0 7 [ 21 63 105 126 168 336 ] [ 0.51 0.98 1.26 1.20 1.06 0.86 0.69 ]
190 191 5 0 7 [ 63 84 126 189 210 252 ] [ 0.64 0.67 1.47 1.06 1.57 0.79 0.61 ]
191 190 5 0 7 [ 189 294 315 336 357 378 ] [ 0.64 0.82 1.19 1.28 1.31 1.00 0.43 ]
190 192 5 0 7 [ 21 105 168 210 336 378 ] [ 0.50 0.80 1.49 1.14 1.02 0.89 0.51 ]
192 190 5 0 7 [ 21 63 105 231 336 357 ] [ 0.41 0.87 1.29 0.80 1.22 0.70 0.50 ]
191 192 3 0 7 [ 21 63 168 210 273 378 ] [ 0.53 0.79 1.37 1.05 1.03 0.85 0.64 ]
192 191 3 0 7 [ 147 231 294 357 378 399 ] [ 0.52 0.68 1.13 0.92 1.24 0.79 0.55 ]
251 250 9 0 7 [ 63 168 189 273 294 378 ] [ 0.62 0.77 1.46 0.72 1.55 0.83 0.41 ]
250 251 9 0 7 [ 63 105 126 189 336 399 ] [ 0.43 0.81 1.09 0.97 1.22 0.70 0.46 ]
207 208 12 0 7 [ 147 168 336 357 378 399 ] [ 0.60 0.95 1.11 1.19 1.49 0.87 0.64 ]
208 207 12 0 7 [ 63 168 189 294 336 357 ] [ 0.61 0.78 1.33 0.71 1.41 0.64 0.44 ]
253 217 7 0 7 [ 84 147 189 273 294 315 ] [ 0.47 0.79 1.41 0.75 1.01 0.93 0.41 ]
217 253 7 0 7 [ 21 42 168 189 210 231 ] [ 0.42 0.70 1.25 0.91 1.05 0.85 0.49 ]
220 221 3 0 7 [ 21 63 147 336 357 399 ] [ 0.54 0.95 1.45 1.22 1.47 0.82 0.48 ]
221 220 3 0 7 [ 21 42 168 294 336 378 ] [ 0.64 0.79 1.53 0.91 1.46 0.82 0.62 ]
221 222 3 0 7 [ 84 105 126 189 294 378 ] [ 0.68 0.84 1.15 0.97 1.02 0.69 0.49 ]
222 221 3 0 7 [ 21 105 189 273 357 378 ] [ 0.66 0.90 1.55 1.29 1.11 0.90 0.46 ]
220 223 7 0 7 [ 189 210 273 294 378 399 ] [ 0.41 0.63 1.50 0.74 1.46 0.91 0.56 ]
223 220 7 0 7 [ 21 84 147 189 315 357 ] [ 0.51 0.95 1.41 1.02 1.32 0.66 0.56 ]
221 224 4 0 7 [ 84 105 231 294 315 357 ] [ 0.65 0.84 1.04 1.15 1.52 0.95 0.53 ]
224 221 4 0 7 [ 21 63 189 231 273 315 ] [ 0.45 0.93 1.11 0.98 1.53 0.73 0.62 ]
234 239 8 0 7 [ 63 105 126 273 378 399 ] [ 0.70 0.83 1.18 1.16 1.20 0.99 0.40 ]
239 234 8 0 7 [ 21 105 147 252 315 399 ] [ 0.60 0.77 1.55 1.07 1.13 0.92 0.67 ]
239 240 11 0 7 [ 42 63 84 105 210 357 ] [ 0.64 0.61 1.17 0.86 1.53 0.81 0.45 ]
240 239 11 0 7 [ 21 63 84 105 273 315 ] [ 0.40 0.73 1.20 0.95 1.29 0.60 0.46 ]
238 240 6 0 7 [ 63 105 210 273 357 378 ] [ 0.66 0.86 1.36 0.72 1.08 0.60 0.65 ]
240 238 6 0 7 [ 63 231 252 273 315 399 ] [ 0.49 0.89 1.57 1.03 1.04 0.92 0.54 ]
211 253 4 0 7 [ 42 168 189 273 336 378 ] [ 0.69 0.86 1.05 0.77 1.55 0.62 0.44 ]
253 211 4 0 7 [ 21 126 168 189 336 378 ] [ 0.65 0.96 1.07 1.09 1.49 1.00 0.63 ]
216 253 2 0 7 [ 21 84 189 273 294 357 ] [ 0.67 0.71 1.56 1.03 1.51 0.93 0.55 ]
253 216 2 0 7 [ 210 231 273 294 336 378 ] [ 0.68 0.78 1.45 0.73 1.06 0.91 0.68 ]
