NAME : egl-s4-B
VERTICES : 140
EDG_REQ : 190
EDG_NONREQ : 0
VEHICLES : 27
CAPACITY : 160
DEPOT : 0
STARTTIME : 0
ENDTIME : 420
SERVICE_SPEED_FACTOR : 0.70
[NETWORK_DATA]
4 5 7 26 7 [ 84 105 168 189 210 399 ] [ 0.77 0.87 1.09 1.12 1.16 0.86 0.79 ]
5 4 7 26 7 [ 21 147 189 252 273 294 ] [ 0.73 0.84 1.01 0.82 1.20 0.75 0.76 ]
5 6 6 21 7 [ 84 168 189 315 336 399 ] [ 0.58 0.82 1.01 0.89 1.15 0.83 0.77 ]
6 5 6 21 7 [ 63 126 147 189 210 336 ] [ 0.76 0.85 1.37 0.92 1.23 0.79 0.63 ]
5 7 3 10 7 [ 42 189 252 273 357 399 ] [ 0.54 0.73 1.12 0.92 1.19 0.97 0.63 ]
7 5 3 10 7 [ 42 63 252 294 336 399 ] [ 0.75 0.93 1.09 0.95 1.06 0.96 0.78 ]
7 8 10 37 7 [ 42 105 168 273 294 315 ] [ 0.62 0.73 1.38 1.15 1.08 0.89 0.63 ]
8 7 10 37 7 [ 42 84 147 189 210 294 ] [ 0.76 0.78 1.34 0.83 1.38 0.82 0.68 ]
8 9 4 12 7 [ 42 84 252 294 378 399 ] [ 0.65 0.98 1.09 1.08 1.08 0.82 0.78 ]
9 8 4 12 7 [ 126 168 189 231 273 357 ] [ 0.66 0.91 1.19 0.91 1.29 0.76 0.74 ]
7 10 13 48 7 [ 105 126 147 189 231 294 ] [ 0.60 0.92 1.07 1.10 1.26 0.89 0.73 ]
10 7 13 48 7 [ 42 126 147 189 210 273 ] [ 0.50 0.71 1.28 0.95 1.14 0.97 0.79 ]
10 11 7 25 7 [ 21 63 105 210 315 378 ] [ 0.71 0.83 1.21 0.95 1.10 0.77 0.76 ]
11 10 7 25 7 [ 210 273 336 357 378 399 ] [ 0.72 0.92 1.17 0.95 1.09 0.92 0.59 ]
11 12 4 12 7 [ 21 126 147 273 315 357 ] [ 0.73 0.95 1.22 0.99 1.24 0.92 0.62 ]
12 11 4 12 7 [ 84 189 231 252 315 399 ] [ 0.59 0.73 1.10 1.12 1.25 0.83 0.54 ]
12 13 5 18 7 [ 63 168 189 294 378 399 ] [ 0.74 0.90 1.17 0.89 1.05 0.97 0.67 ]
13 12 5 18 7 [ 84 147 168 231 294 336 ] [ 0.51 1.00 1.36 1.11 1.12 0.79 0.65 ]
9 14 4 13 7 [ 42 189 231 252 273 378 ] [ 0.69 0.94 1.11 1.19 1.29 0.81 0.73 ]
14 9 4 13 7 [ 84 105 147 210 294 336 ] [ 0.70 0.86 1.08 0.83 1.20 0.70 0.55 ]
14 15 3 8 7 [ 252 294 315 336 357 399 ] [ 0.69 0.97 1.11 0.92 1.22 0.88 0.60 ]
15 14 3 8 7 [ 189 210 231 252 294 399 ] [ 0.53 0.74 1.24 1.19 1.09 0.95 0.71 ]
14 16 4 13 7 [ 126 210 231 252 273 294 ] [ 0.59 0.96 1.26 0.99 1.08 0.86 0.75 ]
16 14 4 13 7 [ 21 147 168 189 294 357 ] [ 0.53 0.79 1.01 0.87 1.08 0.80 0.58 ]
12 16 2 6 7 [ 63 189 210 294 315 336 ] [ 0.55 0.80 1.07 0.86 1.22 0.88 0.60 ]
16 12 2 6 7 [ 21 63 105 126 294 357 ] [ 0.61 0.83 1.13 1.09 1.00 0.95 0.66 ]
12 15 4 12 7 [ 63 84 147 168 252 273 ] [ 0.62 0.93 1.17 0.95 1.13 0.82 0.60 ]
15 12 4 12 7 [ 84 231 252 294 336 399 ] [ 0.66 0.95 1.33 1.06 1.11 0.72 0.55 ]
16 17 3 8 7 [ 42 84 210 273 336 357 ] [ 0.54 0.81 1.34 1.11 1.39 0.98 0.64 ]
17 16 3 8 7 [ 63 126 189 210 231 378 ] [ 0.75 0.87 1.28 0.90 1.14 0.87 0.66 ]
17 18 2 6 7 [ 21 210 231 273 315 399 ] [ 0.73 0.81 1.37 0.97 1.28 0.77 0.53 ]
18 17 2 6 7 [ 21 63 84 126 252 378 ] [ 0.64 0.79 1.22 0.99 1.16 0.89 0.66 ]
9 18 8 28 7 [ 42 84 168 231 273 336 ] [ 0.50 0.84 1.27 0.96 1.30 0.79 0.68 ]
18 9 8 28 7 [ 84 147 168 252 336 357 ] [ 0.57 0.85 1.34 1.07 1.15 0.87 0.57 ]
11 19 9 34 7 [ 21 147 189 315 357 399 ] [ 0.72 0.87 1.17 1.15 1.29 0.91 0.64 ]
19 11 9 34 7 [ 63 147 168 252 294 336 ] [ 0.50 0.79 1.37 1.03 1.11 0.91 0.76 ]
19 20 15 58 7 [ 21 42 105 168 231 315 ] [ 0.51 0.71 1.08 0.83 1.26 0.72 0.64 ]
20 19 15 58 7 [ 42 84 126 336 378 399 ] [ 0.62 0.86 1.18 0.97 1.28 0.85 0.59 ]
19 21 3 10 7 [ 63 147 189 231 336 399 ] [ 0.79 0.85 1.10 1.17 1.15 0.74 0.67 ]
21 19 3 10 7 [ 42 147 231 294 315 357 ] [ 0.70 0.84 1.08 0.83 1.33 0.77 0.57 ]
20 22 14 55 7 [ 42 63 84 105 210 231 ] [ 0.68 0.78 1.05 1.09 1.02 0.70 0.70 ]
22 20 14 55 7 [ 21 168 210 336 378 399 ] [ 0.65 0.98 1.39 1.00 1.04 0.82 0.57 ]
19 23 9 33 7 [ 105 210 252 315 357 399 ] [ 0.56 0.81 1.09 0.93 1.20 0.90 0.68 ]
23 19 9 33 7 [ 63 84 126 147 168 336 ] [ 0.77 0.99 1.01 0.94 1.33 0.81 0.71 ]
22 23 15 56 7 [ 105 231 273 315 378 399 ] [ 0.63 0.84 1.37 0.88 1.25 0.99 0.54 ]
23 22 15 56 7 [ 84 105 147 189 294 378 ] [ 0.67 0.71 1.32 1.12 1.31 0.97 0.63 ]
23 24 3 10 7 [ 84 126 189 357 378 399 ] [ 0.76 0.86 1.37 1.16 1.12 0.73 0.64 ]
24 23 3 10 7 [ 21 42 147 168 252 294 ] [ 0.68 0.80 1.08 0.91 1.39 0.80 0.70 ]
24 25 13 48 7 [ 21 42 189 231 336 378 ] [ 0.61 0.99 1.24 0.91 1.39 0.72 0.61 ]
25 24 13 48 7 [ 42 147 168 231 294 336 ] [ 0.58 0.72 1.21 0.86 1.25 0.92 0.75 ]
22 25 6 20 7 [ 84 189 273 315 357 399 ] [ 0.61 0.94 1.33 0.93 1.00 0.72 0.62 ]
25 22 6 20 7 [ 21 105 126 210 252 273 ] [ 0.57 0.94 1.05 1.03 1.03 0.91 0.63 ]
24 26 6 19 7 [ 63 126 210 231 315 336 ] [ 0.59 0.74 1.34 1.11 1.09 0.95 0.56 ]
26 24 6 19 7 [ 63 126 168 252 273 336 ] [ 0.66 0.95 1.16 1.05 1.00 0.75 0.59 ]
26 27 2 6 7 [ 21 42 63 84 126 147 ] [ 0.65 0.84 1.29 1.19 1.38 0.86 0.54 ]
27 26 2 6 7 [ 42 63 147 231 336 378 ] [ 0.70 0.91 1.13 1.19 1.28 0.88 0.61 ]
27 28 2 5 7 [ 189 210 273 336 357 378 ] [ 0.68 0.92 1.30 0.82 1.21 0.88 0.58 ]
28 27 2 5 7 [ 21 42 126 189 357 399 ] [ 0.71 0.90 1.34 0.95 1.26 0.95 0.75 ]
27 29 2 5 7 [ 42 63 105 315 336 378 ] [ 0.74 0.90 1.17 0.87 1.09 0.98 0.79 ]
29 27 2 5 7 [ 21 189 273 294 336 378 ] [ 0.67 0.76 1.03 1.03 1.21 0.75 0.76 ]
29 30 11 41 7 [ 105 126 210 252 273 378 ] [ 0.75 0.82 1.13 0.95 1.35 0.98 0.78 ]
30 29 11 41 7 [ 21 42 189 273 294 378 ] [ 0.52 0.94 1.28 0.91 1.22 0.89 0.63 ]
25 30 4 12 7 [ 105 168 273 294 378 399 ] [ 0.59 0.93 1.30 0.85 1.09 0.77 0.53 ]
30 25 4 12 7 [ 84 252 294 336 378 399 ] [ 0.56 0.89 1.09 0.89 1.05 0.94 0.75 ]
29 31 8 28 7 [ 42 105 189 252 315 399 ] [ 0.66 0.72 1.25 1.04 1.34 0.91 0.51 ]
31 29 8 28 7 [ 147 210 273 294 336 399 ] [ 0.66 0.99 1.31 0.91 1.18 0.99 0.58 ]
28 32 14 52 7 [ 42 84 168 189 294 399 ] [ 0.51 0.93 1.28 0.91 1.14 0.95 0.66 ]
32 28 14 52 7 [ 42 168 189 231 252 336 ] [ 0.76 0.99 1.05 1.08 1.03 0.95 0.59 ]
10 32 7 24 7 [ 84 168 252 273 315 378 ] [ 0.63 0.98 1.15 0.91 1.15 0.88 0.60 ]
32 10 7 24 7 [ 21 63 168 231 252 357 ] [ 0.51 0.99 1.08 1.14 1.08 0.98 0.57 ]
33 138 13 49 7 [ 105 147 168 252 294 378 ] [ 0.50 0.73 1.08 0.81 1.36 0.97 0.63 ]
138 33 13 49 7 [ 21 63 147 210 231 252 ] [ 0.52 0.70 1.34 1.00 1.20 0.80 0.60 ]
33 34 15 59 7 [ 63 105 126 189 210 273 ] [ 0.65 0.86 1.05 1.17 1.27 0.90 0.71 ]
34 33 15 59 7 [ 42 63 84 168 378 399 ] [ 0.73 0.90 1.13 1.16 1.12 0.76 0.53 ]
34 35 2 4 7 [ 105 168 252 273 315 378 ] [ 0.80 0.96 1.15 0.81 1.13 0.96 0.73 ]
35 34 2 4 7 [ 21 84 189 210 357 399 ] [ 0.77 0.79 1.23 0.87 1.12 0.81 0.69 ]
34 36 5 17 7 [ 84 105 231 273 294 357 ] [ 0.54 0.74 1.09 0.98 1.27 0.93 0.73 ]
36 34 5 17 7 [ 126 168 210 231 294 315 ] [ 0.63 0.73 1.04 1.06 1.31 0.96 0.62 ]
35 36 6 20 7 [ 42 63 273 315 357 399 ] [ 0.68 0.72 1.22 1.10 1.16 0.86 0.72 ]
36 35 6 20 7 [ 105 168 231 252 336 378 ] [ 0.67 0.83 1.21 1.14 1.27 0.94 0.68 ]
35 37 7 25 7 [ 126 147 168 231 336 399 ] [ 0.77 0.92 1.16 0.85 1.35 0.99 0.65 ]
37 35 7 25 7 [ 63 84 231 252 294 336 ] [ 0.52 0.97 1.06 0.81 1.35 0.76 0.54 ]
37 38 2 6 7 [ 21 126 168 315 357 399 ] [ 0.75 0.91 1.38 0.91 1.37 0.80 0.72 ]
38 37 2 6 7 [ 63 84 105 126 273 294 ] [ 0.65 0.81 1.36 0.89 1.00 0.74 0.60 ]
38 39 5 18 7 [ 42 63 105 231 273 378 ] [ 0.69 0.71 1.32 0.80 1.25 0.70 0.68 ]
39 38 5 18 7 [ 63 105 126 147 336 399 ] [ 0.76 0.91 1.35 0.94 1.35 0.81 0.62 ]
39 40 4 12 7 [ 105 126 168 273 294 315 ] [ 0.56 0.87 1.14 0.88 1.34 0.78 0.60 ]
40 39 4 12 7 [ 126 189 210 294 336 399 ] [ 0.65 0.97 1.19 1.17 1.31 0.96 0.77 ]
37 40 3 10 7 [ 105 147 168 252 336 399 ] [ 0.55 0.79 1.31 1.06 1.36 0.88 0.60 ]
40 37 3 10 7 [ 21 42 168 189 210 336 ] [ 0.64 0.96 1.21 1.10 1.19 0.74 0.59 ]
40 46 25 99 7 [ 63 147 189 315 336 399 ] [ 0.58 0.92 1.18 0.99 1.40 0.93 0.69 ]
46 40 25 99 7 [ 63 84 126 231 252 315 ] [ 0.56 0.97 1.01 0.94 1.17 0.79 0.73 ]
36 41 5 17 7 [ 84 210 231 294 357 399 ] [ 0.77 0.74 1.01 1.15 1.34 0.79 0.75 ]
41 36 5 17 7 [ 21 42 105 126 315 378 ] [ 0.68 0.89 1.32 0.83 1.04 0.94 0.70 ]
41 42 2 5 7 [ 84 210 252 294 378 399 ] [ 0.73 0.76 1.11 1.14 1.08 0.91 0.71 ]
42 41 2 5 7 [ 42 126 168 231 294 378 ] [ 0.74 0.83 1.27 0.82 1.40 0.99 0.65 ]
36 42 5 16 7 [ 63 147 168 231 336 378 ] [ 0.79 0.73 1.25 0.84 1.21 0.70 0.54 ]
42 36 5 16 7 [ 21 63 126 168 252 294 ] [ 0.57 0.95 1.12 1.06 1.09 0.88 0.60 ]
42 43 9 31 7 [ 63 126 210 336 357 378 ] [ 0.56 0.95 1.02 1.15 1.29 0.84 0.53 ]
43 42 9 31 7 [ 42 231 252 273 315 378 ] [ 0.59 0.90 1.07 0.96 1.17 0.99 0.78 ]
43 44 4 14 7 [ 63 105 147 210 231 252 ] [ 0.65 0.77 1.10 0.94 1.03 0.99 0.55 ]
44 43 4 14 7 [ 84 168 231 252 315 336 ] [ 0.76 0.77 1.19 0.90 1.12 0.85 0.76 ]
33 44 2 4 7 [ 21 105 126 189 294 357 ] [ 0.55 0.96 1.14 1.07 1.14 0.81 0.66 ]
44 33 2 4 7 [ 21 84 105 126 273 378 ] [ 0.77 0.86 1.03 1.13 1.36 0.74 0.52 ]
41 46 2 4 7 [ 42 63 126 189 273 294 ] [ 0.58 0.87 1.34 0.99 1.32 0.72 0.64 ]
46 41 2 4 7 [ 21 42 63 231 315 399 ] [ 0.57 0.87 1.04 1.00 1.00 0.75 0.62 ]
45 46 3 7 7 [ 105 126 147 168 357 399 ] [ 0.62 0.84 1.18 1.16 1.27 0.85 0.66 ]
46 45 3 7 7 [ 21 63 231 252 315 357 ] [ 0.56 0.98 1.00 1.03 1.35 0.95 0.68 ]
42 45 2 5 7 [ 147 231 252 294 357 378 ] [ 0.67 0.82 1.22 1.06 1.17 0.89 0.55 ]
45 42 2 5 7 [ 21 42 105 147 189 336 ] [ 0.70 0.93 1.07 1.00 1.33 0.91 0.61 ]
32 138 4 13 7 [ 84 105 210 294 315 357 ] [ 0.58 0.86 1.12 1.16 1.13 0.87 0.78 ]
138 32 4 13 7 [ 126 168 210 252 315 357 ] [ 0.54 0.76 1.22 0.98 1.07 0.95 0.79 ]
47 138 13 49 7 [ 42 126 189 252 294 336 ] [ 0.61 0.81 1.05 0.92 1.23 0.91 0.54 ]
138 47 13 49 7 [ 42 63 210 273 378 399 ] [ 0.79 0.87 1.04 0.82 1.15 0.95 0.53 ]
47 48 3 10 7 [ 42 84 147 273 315 399 ] [ 0.52 0.71 1.14 0.83 1.31 0.73 0.51 ]
48 47 3 10 7 [ 126 189 231 252 315 336 ] [ 0.57 0.87 1.27 1.19 1.03 0.79 0.73 ]
47 49 3 8 7 [ 84 105 168 189 378 399 ] [ 0.52 0.96 1.18 1.20 1.26 0.75 0.56 ]
49 47 3 8 7 [ 84 105 168 210 252 378 ] [ 0.68 0.74 1.16 1.07 1.10 0.82 0.72 ]
49 50 8 30 7 [ 126 168 294 315 357 378 ] [ 0.53 0.88 1.08 0.86 1.25 0.94 0.56 ]
50 49 8 30 7 [ 84 189 231 336 378 399 ] [ 0.62 0.92 1.07 0.99 1.08 0.88 0.64 ]
50 51 4 12 7 [ 105 168 189 210 315 336 ] [ 0.79 0.87 1.40 0.94 1.23 0.75 0.79 ]
51 50 4 12 7 [ 84 147 210 273 315 336 ] [ 0.58 0.83 1.02 1.10 1.36 0.99 0.77 ]
51 52 4 12 7 [ 105 168 189 294 336 357 ] [ 0.54 0.90 1.35 0.82 1.16 0.96 0.60 ]
52 51 4 12 7 [ 21 42 105 126 189 357 ] [ 0.66 0.81 1.03 0.89 1.22 0.98 0.70 ]
52 139 7 24 7 [ 63 105 147 315 357 399 ] [ 0.64 0.87 1.00 0.96 1.06 0.95 0.65 ]
139 52 7 24 7 [ 42 168 231 252 357 378 ] [ 0.78 0.82 1.06 1.04 1.34 0.80 0.76 ]
48 139 7 24 7 [ 84 168 252 294 357 399 ] [ 0.56 0.88 1.38 1.14 1.39 0.95 0.69 ]
139 48 7 24 7 [ 84 126 231 273 294 357 ] [ 0.61 0.94 1.32 1.16 1.16 0.75 0.64 ]
53 54 3 10 7 [ 126 168 294 336 378 399 ] [ 0.72 0.98 1.38 0.99 1.22 0.70 0.52 ]
54 53 3 10 7 [ 21 168 273 294 315 357 ] [ 0.58 0.88 1.12 0.80 1.15 0.73 0.74 ]
54 55 2 4 7 [ 21 42 147 168 252 357 ] [ 0.60 0.75 1.31 1.19 1.15 0.71 0.50 ]
55 54 2 4 7 [ 42 63 105 189 252 273 ] [ 0.60 0.70 1.38 1.12 1.35 0.95 0.69 ]
55 56 13 49 7 [ 84 105 189 231 252 399 ] [ 0.65 0.72 1.06 0.86 1.31 0.74 0.60 ]
56 55 13 49 7 [ 84 126 147 210 357 399 ] [ 0.75 0.74 1.33 0.83 1.00 0.87 0.71 ]
56 57 6 20 7 [ 42 105 210 231 252 378 ] [ 0.59 0.77 1.09 1.04 1.11 0.91 0.68 ]
57 56 6 20 7 [ 63 84 147 168 231 378 ] [ 0.65 0.79 1.18 1.00 1.33 0.77 0.79 ]
57 58 11 40 7 [ 21 126 168 210 231 252 ] [ 0.56 0.89 1.40 0.81 1.31 0.72 0.54 ]
58 57 11 40 7 [ 84 168 231 315 357 399 ] [ 0.60 0.77 1.17 1.13 1.09 0.80 0.60 ]
58 59 5 18 7 [ 84 147 168 231 252 399 ] [ 0.70 0.89 1.15 0.81 1.10 0.88 0.76 ]
59 58 5 18 7 [ 42 105 168 189 315 399 ] [ 0.63 0.75 1.15 0.82 1.14 0.76 0.50 ]
44 59 5 15 7 [ 42 84 126 189 273 294 ] [ 0.61 0.97 1.02 1.06 1.19 0.87 0.61 ]
59 44 5 15 7 [ 21 42 63 147 168 357 ] [ 0.68 0.99 1.09 0.86 1.08 0.87 0.62 ]
59 60 10 35 7 [ 21 126 147 231 315 378 ] [ 0.64 0.82 1.22 0.87 1.03 0.71 0.78 ]
60 59 10 35 7 [ 42 105 168 273 294 315 ] [ 0.59 0.87 1.07 1.01 1.17 0.83 0.54 ]
58 60 9 31 7 [ 189 231 315 357 378 399 ] [ 0.65 0.79 1.40 0.89 1.13 0.98 0.75 ]
60 58 9 31 7 [ 42 84 105 126 294 378 ] [ 0.72 0.72 1.25 1.01 1.19 0.86 0.54 ]
48 60 4 13 7 [ 84 168 273 315 357 378 ] [ 0.80 0.84 1.26 0.86 1.33 0.93 0.59 ]
60 48 4 13 7 [ 84 105 126 231 273 357 ] [ 0.61 0.89 1.07 0.96 1.10 0.85 0.69 ]
56 61 4 14 7 [ 84 147 189 210 378 399 ] [ 0.61 0.99 1.18 0.88 1.23 0.75 0.52 ]
61 56 4 14 7 [ 84 168 231 273 315 378 ] [ 0.67 0.91 1.02 1.12 1.29 0.72 0.78 ]
61 62 3 7 7 [ 21 84 105 147 210 231 ] [ 0.63 0.92 1.24 0.87 1.27 0.73 0.79 ]
62 61 3 7 7 [ 42 84 105 231 273 294 ] [ 0.71 0.94 1.34 0.92 1.28 0.90 0.56 ]
62 63 3 9 7 [ 21 210 294 315 357 378 ] [ 0.53 0.79 1.39 1.19 1.22 0.98 0.72 ]
63 62 3 9 7 [ 21 63 210 315 336 378 ] [ 0.72 0.91 1.23 1.13 1.35 0.83 0.52 ]
63 64 5 15 7 [ 42 63 84 126 294 399 ] [ 0.68 0.78 1.19 1.13 1.13 0.71 0.65 ]
64 63 5 15 7 [ 273 294 315 357 378 399 ] [ 0.79 0.99 1.39 1.06 1.01 0.83 0.53 ]
55 64 8 30 7 [ 63 126 210 231 252 273 ] [ 0.54 0.92 1.19 1.11 1.23 0.86 0.76 ]
64 55 8 30 7 [ 84 126 189 231 294 315 ] [ 0.71 0.92 1.15 0.83 1.36 1.00 0.78 ]
61 65 10 37 7 [ 21 147 168 189 252 315 ] [ 0.51 0.71 1.14 1.20 1.12 0.73 0.65 ]
65 61 10 37 7 [ 42 63 105 210 252 378 ] [ 0.72 0.98 1.10 1.07 1.32 0.95 0.69 ]
65 66 9 33 7 [ 21 126 168 210 231 252 ] [ 0.64 0.93 1.27 1.07 1.39 0.93 0.64 ]
66 65 9 33 7 [ 21 63 168 189 252 378 ] [ 0.70 0.96 1.27 0.94 1.20 0.76 0.52 ]
66 67 3 9 7 [ 21 42 63 189 252 357 ] [ 0.74 0.73 1.30 1.17 1.37 0.83 0.54 ]
67 66 3 9 7 [ 21 84 105 147 210 231 ] [ 0.70 0.87 1.04 0.81 1.39 0.97 0.80 ]
66 68 2 4 7 [ 42 63 126 189 252 336 ] [ 0.59 0.83 1.28 0.91 1.06 0.85 0.67 ]
68 66 2 4 7 [ 21 42 84 168 357 399 ] [ 0.70 0.91 1.20 0.84 1.35 0.72 0.55 ]
68 69 3 8 7 [ 21 63 168 252 336 378 ] [ 0.67 0.87 1.16 0.94 1.01 0.76 0.76 ]
69 68 3 8 7 [ 21 42 273 294 357 378 ] [ 0.64 1.00 1.28 1.19 1.20 0.70 0.61 ]
69 70 3 9 7 [ 126 147 252 273 336 357 ] [ 0.63 0.99 1.38 1.03 1.40 0.84 0.50 ]
70 69 3 9 7 [ 42 63 84 126 231 294 ] [ 0.55 0.76 1.12 0.82 1.10 0.84 0.60 ]
68 70 2 6 7 [ 105 147 168 231 294 378 ] [ 0.72 0.86 1.33 0.91 1.19 0.78 0.54 ]
70 68 2 6 7 [ 63 147 252 336 357 399 ] [ 0.56 0.90 1.21 0.98 1.11 0.79 0.51 ]
70 71 3 9 7 [ 63 105 147 189 210 231 ] [ 0.68 0.80 1.26 0.99 1.00 0.90 0.62 ]
71 70 3 9 7 [ 126 147 210 231 315 336 ] [ 0.53 0.81 1.13 1.12 1.39 0.94 0.59 ]
71 72 5 18 7 [ 21 231 252 294 315 336 ] [ 0.51 0.78 1.31 1.17 1.03 0.81 0.61 ]
72 71 5 18 7 [ 84 168 231 252 294 378 ] [ 0.56 0.79 1.22 0.83 1.07 0.97 0.78 ]
71 73 5 15 7 [ 105 231 273 336 378 399 ] [ 0.72 0.87 1.06 0.81 1.34 0.78 0.68 ]
73 71 5 15 7 [ 42 105 231 252 315 357 ] [ 0.61 0.87 1.06 1.04 1.12 0.72 0.79 ]
72 73 2 5 7 [ 84 105 126 210 252 399 ] [ 0.63 0.97 1.19 0.94 1.10 0.99 0.76 ]
73 72 2 5 7 [ 63 84 105 210 273 336 ] [ 0.62 0.81 1.19 1.12 1.39 0.86 0.70 ]
43 72 10 36 7 [ 42 105 147 294 357 399 ] [ 0.69 0.84 1.13 1.17 1.07 0.91 0.71 ]
72 43 10 36 7 [ 84 105 126 147 168 189 ] [ 0.79 0.84 1.24 0.81 1.18 0.87 0.69 ]
70 74 10 36 7 [ 42 84 189 315 357 399 ] [ 0.59 0.86 1.25 0.88 1.02 0.76 0.79 ]
74 70 10 36 7 [ 21 42 168 210 231 252 ] [ 0.60 0.94 1.18 0.87 1.37 0.76 0.77 ]
74 75 13 47 7 [ 84 147 168 252 294 357 ] [ 0.71 0.90 1.08 1.18 1.39 0.83 0.55 ]
75 74 13 47 7 [ 21 84 147 315 336 357 ] [ 0.73 0.93 1.16 1.17 1.18 0.84 0.79 ]
73 75 8 27 7 [ 21 63 210 294 357 378 ] [ 0.64 0.96 1.16 1.04 1.13 0.97 0.77 ]
75 73 8 27 7 [ 21 84 273 336 357 399 ] [ 0.73 0.90 1.26 1.01 1.04 0.92 0.78 ]
75 76 3 10 7 [ 21 105 168 252 315 399 ] [ 0.65 0.80 1.32 1.16 1.34 0.70 0.53 ]
76 75 3 10 7 [ 105 126 168 252 315 378 ] [ 0.52 0.90 1.30 1.09 1.16 0.91 0.60 ]
45 76 5 16 7 [ 63 105 126 336 378 399 ] [ 0.53 0.98 1.33 1.09 1.14 0.83 0.76 ]
76 45 5 16 7 [ 42 84 126 273 336 378 ] [ 0.60 0.82 1.22 1.16 1.29 0.99 0.54 ]
76 77 5 15 7 [ 42 84 189 252 378 399 ] [ 0.50 0.87 1.08 1.18 1.23 0.78 0.54 ]
77 76 5 15 7 [ 21 63 189 210 252 336 ] [ 0.61 0.74 1.13 1.18 1.21 0.79 0.77 ]
77 78 4 12 7 [ 21 147 273 294 315 357 ] [ 0.55 0.90 1.18 1.14 1.03 0.84 0.60 ]
78 77 4 12 7 [ 105 210 252 294 357 399 ] [ 0.78 0.95 1.27 0.88 1.36 0.78 0.59 ]
78 79 4 12 7 [ 63 126 147 189 273 315 ] [ 0.60 0.71 1.21 1.13 1.21 0.72 0.63 ]
79 78 4 12 7 [ 21 84 231 252 273 336 ] [ 0.71 0.78 1.12 0.91 1.16 0.84 0.75 ]
78 80 3 9 7 [ 84 126 189 252 336 399 ] [ 0.55 0.97 1.36 0.98 1.38 0.76 0.77 ]
80 78 3 9 7 [ 21 42 63 273 336 357 ] [ 0.78 0.95 1.07 0.94 1.06 0.74 0.60 ]
79 80 3 10 7 [ 21 105 168 210 231 378 ] [ 0.63 0.80 1.14 1.05 1.28 0.86 0.73 ]
80 79 3 10 7 [ 105 168 273 294 357 399 ] [ 0.71 0.94 1.10 0.98 1.36 0.96 0.77 ]
79 81 5 16 7 [ 63 168 273 315 336 378 ] [ 0.78 0.83 1.01 1.17 1.20 0.85 0.65 ]
81 79 5 16 7 [ 42 63 84 252 294 399 ] [ 0.78 0.96 1.02 1.02 1.13 0.79 0.61 ]
81 82 3 10 7 [ 21 63 126 336 357 378 ] [ 0.71 0.88 1.31 0.86 1.35 0.72 0.78 ]
82 81 3 10 7 [ 189 231 294 336 357 399 ] [ 0.52 0.92 1.34 1.01 1.21 0.91 0.59 ]
80 82 5 17 7 [ 126 189 294 357 378 399 ] [ 0.75 0.79 1.17 0.92 1.17 0.76 0.64 ]
82 80 5 17 7 [ 21 42 126 189 294 357 ] [ 0.73 1.00 1.01 0.91 1.02 0.95 0.74 ]
81 83 4 13 7 [ 63 105 231 273 336 378 ] [ 0.63 0.77 1.15 0.88 1.13 0.95 0.75 ]
83 81 4 13 7 [ 63 105 126 252 294 315 ] [ 0.78 0.94 1.29 0.94 1.20 0.88 0.53 ]
82 83 5 18 7 [ 21 42 105 126 168 210 ] [ 0.68 0.82 1.23 1.19 1.26 0.98 0.54 ]
83 82 5 18 7 [ 21 168 189 315 336 357 ] [ 0.73 0.77 1.11 1.10 1.10 1.00 0.68 ]
83 84 3 10 7 [ 147 210 294 315 357 378 ] [ 0.69 0.85 1.07 1.04 1.17 0.98 0.78 ]
84 83 3 10 7 [ 126 168 231 252 294 336 ] [ 0.67 0.71 1.36 0.90 1.03 0.84 0.78 ]
84 85 6 20 7 [ 105 147 168 189 315 357 ] [ 0.55 0.91 1.32 1.04 1.40 0.91 0.70 ]
85 84 6 20 7 [ 21 210 231 273 336 357 ] [ 0.55 1.00 1.07 0.83 1.35 0.98 0.70 ]
85 86 2 4 7 [ 42 105 126 315 357 399 ] [ 0.64 1.00 1.12 0.92 1.02 0.92 0.76 ]
86 85 2 4 7 [ 189 231 273 315 378 399 ] [ 0.65 0.86 1.18 0.95 1.24 0.79 0.63 ]
85 87 9 33 7 [ 84 105 168 210 231 252 ] [ 0.59 0.76 1.18 1.10 1.36 0.84 0.57 ]
87 85 9 33 7 [ 21 168 189 231 273 294 ] [ 0.70 0.83 1.19 1.00 1.27 0.79 0.71 ]
87 88 4 14 7 [ 84 126 189 252 294 336 ] [ 0.73 0.88 1.23 0.97 1.11 0.99 0.54 ]
88 87 4 14 7 [ 21 63 252 273 315 336 ] [ 0.65 0.72 1.04 1.01 1.35 0.96 0.78 ]
87 89 4 12 7 [ 168 231 252 273 315 336 ] [ 0.60 0.71 1.25 0.97 1.34 0.70 0.72 ]
89 87 4 12 7 [ 126 147 273 315 336 378 ] [ 0.70 0.94 1.11 0.97 1.35 0.77 0.75 ]
89 90 3 7 7 [ 21 63 84 147 168 231 ] [ 0.64 0.97 1.15 1.13 1.05 0.72 0.59 ]
90 89 3 7 7 [ 42 63 84 273 357 399 ] [ 0.63 0.98 1.39 1.11 1.36 0.74 0.74 ]
67 89 17 67 7 [ 42 105 168 273 294 399 ] [ 0.57 0.96 1.22 1.05 1.36 0.85 0.62 ]
89 67 17 67 7 [ 42 147 168 189 231 357 ] [ 0.70 0.72 1.27 1.13 1.20 0.88 0.78 ]
65 90 18 69 7 [ 147 168 189 252 273 399 ] [ 0.68 0.83 1.06 0.96 1.06 1.00 0.79 ]
90 65 18 69 7 [ 21 42 126 273 378 399 ] [ 0.61 0.99 1.02 1.06 1.29 0.86 0.59 ]
88 91 3 10 7 [ 21 126 168 189 231 336 ] [ 0.62 0.86 1.20 1.19 1.20 0.99 0.78 ]
91 88 3 10 7 [ 21 252 273 294 357 399 ] [ 0.56 0.85 1.17 0.87 1.38 0.86 0.65 ]
81 91 7 26 7 [ 147 189 210 231 273 399 ] [ 0.58 0.97 1.03 0.89 1.09 0.81 0.67 ]
91 81 7 26 7 [ 63 231 252 273 378 399 ] [ 0.50 0.91 1.15 1.06 1.30 0.70 0.73 ]
83 91 8 29 7 [ 21 63 126 231 273 357 ] [ 0.55 0.73 1.16 1.17 1.13 0.84 0.51 ]
91 83 8 29 7 [ 42 63 189 252 294 336 ] [ 0.56 0.78 1.28 0.87 1.17 0.83 0.56 ]
63 92 8 28 7 [ 21 42 63 168 210 252 ] [ 0.52 0.76 1.37 1.12 1.15 0.70 0.50 ]
92 63 8 28 7 [ 63 126 168 210 252 357 ] [ 0.57 0.71 1.32 1.01 1.27 0.76 0.56 ]
62 92 7 25 7 [ 63 105 126 168 294 315 ] [ 0.72 0.75 1.14 0.82 1.07 0.83 0.51 ]
92 62 7 25 7 [ 84 168 189 210 336 357 ] [ 0.75 0.99 1.01 1.06 1.36 0.71 0.68 ]
92 93 5 17 7 [ 42 126 147 168 189 210 ] [ 0.79 0.72 1.28 1.08 1.16 0.99 0.57 ]
93 92 5 17 7 [ 21 42 189 231 252 315 ] [ 0.73 0.79 1.06 1.10 1.04 0.92 0.72 ]
93 94 13 49 7 [ 21 63 168 189 336 399 ] [ 0.76 0.99 1.02 1.09 1.29 0.90 0.71 ]
94 93 13 49 7 [ 21 168 315 336 357 378 ] [ 0.76 0.80 1.03 1.16 1.22 0.81 0.68 ]
94 95 3 8 7 [ 63 105 126 210 294 378 ] [ 0.77 0.70 1.10 1.07 1.08 0.84 0.62 ]
95 94 3 8 7 [ 126 168 189 210 273 336 ] [ 0.67 0.99 1.18 0.90 1.29 0.71 0.69 ]
95 96 5 17 7 [ 42 84 210 294 357 378 ] [ 0.62 1.00 1.16 1.17 1.25 0.92 0.75 ]
96 95 5 17 7 [ 84 105 147 252 357 399 ] [ 0.53 0.84 1.01 0.86 1.12 0.74 0.53 ]
96 97 2 3 7 [ 21 42 84 105 126 378 ] [ 0.71 0.85 1.18 1.03 1.26 0.81 0.58 ]
97 96 2 3 7 [ 84 105 147 252 273 336 ] [ 0.69 0.97 1.04 1.12 1.39 0.73 0.52 ]
95 98 3 10 7 [ 84 105 126 168 273 378 ] [ 0.79 1.00 1.01 1.12 1.12 0.92 0.75 ]
98 95 3 10 7 [ 21 147 231 252 357 378 ] [ 0.51 0.76 1.39 1.15 1.33 0.73 0.60 ]
96 98 10 37 7 [ 147 168 189 210 252 336 ] [ 0.65 0.82 1.30 1.04 1.28 0.79 0.53 ]
98 96 10 37 7 [ 42 84 105 210 231 294 ] [ 0.70 0.86 1.16 1.09 1.25 0.98 0.78 ]
98 99 9 33 7 [ 84 168 210 231 294 336 ] [ 0.66 0.87 1.01 0.87 1.03 0.95 0.64 ]
99 98 9 33 7 [ 63 105 126 189 336 378 ] [ 0.74 0.83 1.30 1.16 1.08 0.76 0.71 ]
93 99 5 17 7 [ 21 231 252 273 315 399 ] [ 0.58 0.72 1.36 0.88 1.16 0.89 0.51 ]
99 93 5 17 7 [ 84 105 189 252 357 399 ] [ 0.72 0.89 1.18 1.17 1.02 0.83 0.54 ]
93 100 2 4 7 [ 21 84 231 252 378 399 ] [ 0.73 0.79 1.34 1.05 1.18 0.78 0.50 ]
100 93 2 4 7 [ 105 189 210 231 315 399 ] [ 0.66 0.78 1.16 1.03 1.23 0.78 0.75 ]
65 100 8 28 7 [ 147 189 231 294 315 336 ] [ 0.60 0.97 1.39 0.85 1.29 0.88 0.78 ]
100 65 8 28 7 [ 42 63 189 210 357 378 ] [ 0.51 0.98 1.14 0.95 1.40 0.83 0.55 ]
100 101 5 17 7 [ 42 63 105 168 336 357 ] [ 0.59 0.82 1.05 0.84 1.27 0.97 0.51 ]
101 100 5 17 7 [ 63 84 210 294 315 336 ] [ 0.67 0.74 1.13 0.85 1.22 0.73 0.72 ]
101 102 11 42 7 [ 42 63 126 168 231 357 ] [ 0.58 0.79 1.04 0.89 1.11 0.84 0.78 ]
102 101 11 42 7 [ 42 105 168 210 378 399 ] [ 0.63 0.96 1.39 0.97 1.30 0.75 0.69 ]
90 102 8 27 7 [ 21 42 147 273 336 357 ] [ 0.78 0.96 1.35 0.81 1.29 0.92 0.58 ]
102 90 8 27 7 [ 42 84 126 231 357 378 ] [ 0.74 0.86 1.34 1.18 1.17 0.74 0.57 ]
101 103 6 21 7 [ 21 63 105 189 231 252 ] [ 0.65 0.92 1.22 1.19 1.10 0.83 0.65 ]
103 101 6 21 7 [ 21 189 252 336 357 378 ] [ 0.55 0.99 1.12 1.14 1.36 0.82 0.74 ]
103 104 2 6 7 [ 21 105 126 189 294 336 ] [ 0.58 0.84 1.09 0.83 1.16 0.74 0.60 ]
104 103 2 6 7 [ 21 63 84 105 273 294 ] [ 0.70 0.92 1.39 0.89 1.17 0.85 0.66 ]
104 105 5 15 7 [ 42 63 84 105 231 315 ] [ 0.71 0.84 1.26 0.90 1.30 0.86 0.79 ]
105 104 5 15 7 [ 21 147 189 210 336 357 ] [ 0.77 0.91 1.05 1.12 1.38 0.80 0.67 ]
105 106 8 28 7 [ 21 63 189 210 252 273 ] [ 0.61 0.86 1.25 0.84 1.24 0.74 0.57 ]
106 105 8 28 7 [ 126 189 210 252 294 336 ] [ 0.68 0.79 1.40 1.10 1.21 0.82 0.72 ]
106 107 7 25 7 [ 105 168 189 336 357 378 ] [ 0.79 0.84 1.08 1.18 1.26 0.86 0.67 ]
107 106 7 25 7 [ 63 210 231 252 273 336 ] [ 0.61 0.81 1.31 1.11 1.29 0.86 0.68 ]
105 107 10 38 7 [ 42 84 105 147 294 357 ] [ 0.56 0.77 1.02 1.17 1.25 0.92 0.65 ]
107 105 10 38 7 [ 21 42 105 147 168 399 ] [ 0.61 0.84 1.34 0.90 1.27 0.95 0.63 ]
107 108 26 103 7 [ 21 105 126 168 252 273 ] [ 0.71 0.88 1.30 0.89 1.05 0.88 0.74 ]
108 107 26 103 7 [ 21 63 168 210 231 378 ] [ 0.69 0.77 1.28 1.01 1.24 0.72 0.55 ]
106 109 3 8 7 [ 42 105 126 189 294 378 ] [ 0.78 0.92 1.39 1.08 1.12 0.92 0.58 ]
109 106 3 8 7 [ 21 105 168 231 378 399 ] [ 0.64 0.74 1.37 1.09 1.13 0.71 0.59 ]
109 110 3 7 7 [ 84 105 126 231 273 294 ] [ 0.52 0.95 1.13 0.95 1.18 0.85 0.69 ]
110 109 3 7 7 [ 21 84 147 189 378 399 ] [ 0.52 0.94 1.13 1.01 1.10 0.70 0.73 ]
109 111 4 13 7 [ 42 168 231 315 336 357 ] [ 0.78 0.78 1.16 0.96 1.24 0.85 0.56 ]
111 109 4 13 7 [ 147 189 294 336 378 399 ] [ 0.65 0.90 1.16 1.20 1.06 0.71 0.63 ]
106 111 4 13 7 [ 105 168 252 294 336 378 ] [ 0.79 0.98 1.35 1.01 1.38 0.77 0.70 ]
111 106 4 13 7 [ 21 105 147 168 210 357 ] [ 0.75 0.85 1.03 1.01 1.26 0.88 0.76 ]
111 112 2 4 7 [ 21 42 63 126 231 336 ] [ 0.67 0.84 1.37 0.92 1.28 0.81 0.60 ]
112 111 2 4 7 [ 126 147 252 294 357 378 ] [ 0.60 0.84 1.24 0.91 1.32 0.95 0.74 ]
102 112 12 46 7 [ 105 252 273 294 357 378 ] [ 0.62 0.89 1.36 1.02 1.34 0.70 0.75 ]
112 102 12 46 7 [ 21 42 168 231 315 378 ] [ 0.67 0.98 1.07 0.94 1.29 0.83 0.73 ]
112 113 4 12 7 [ 21 63 168 252 336 399 ] [ 0.64 0.79 1.21 1.16 1.17 0.71 0.63 ]
113 112 4 12 7 [ 21 63 189 252 273 294 ] [ 0.64 0.92 1.02 1.15 1.25 0.90 0.80 ]
113 114 10 36 7 [ 63 84 105 189 252 336 ] [ 0.59 0.97 1.29 1.05 1.38 0.82 0.55 ]
114 113 10 36 7 [ 105 231 273 315 336 399 ] [ 0.70 0.98 1.04 1.02 1.32 0.74 0.77 ]
114 115 3 10 7 [ 147 168 189 210 294 336 ] [ 0.72 0.71 1.14 1.02 1.39 0.97 0.57 ]
115 114 3 10 7 [ 63 105 147 168 189 294 ] [ 0.72 0.74 1.28 0.88 1.03 0.99 0.52 ]
0 115 5 18 7 [ 126 147 231 273 336 399 ] [ 0.64 0.91 1.36 0.84 1.36 0.88 0.64 ]
115 0 5 18 7 [ 21 63 126 189 273 357 ] [ 0.67 0.91 1.07 1.12 1.16 0.86 0.74 ]
115 116 6 19 7 [ 84 105 168 210 252 273 ] [ 0.57 0.98 1.12 1.18 1.20 0.76 0.51 ]
116 115 6 19 7 [ 21 63 105 231 273 357 ] [ 0.67 0.99 1.18 0.94 1.27 0.95 0.63 ]
114 116 6 20 7 [ 42 168 231 252 294 315 ] [ 0.58 0.84 1.23 0.88 1.33 0.71 0.53 ]
116 114 6 20 7 [ 105 147 189 210 231 294 ] [ 0.78 0.93 1.17 1.00 1.33 0.95 0.64 ]
1 116 5 16 7 [ 42 63 126 147 168 336 ] [ 0.73 0.81 1.23 0.82 1.22 0.74 0.74 ]
116 1 5 16 7 [ 126 168 210 273 294 378 ] [ 0.57 0.98 1.39 1.12 1.22 0.74 0.51 ]
116 117 13 49 7 [ 21 189 273 315 378 399 ] [ 0.77 0.81 1.01 1.04 1.18 0.82 0.59 ]
117 116 13 49 7 [ 147 168 294 315 357 399 ] [ 0.76 0.76 1.18 1.02 1.10 0.75 0.69 ]
116 118 7 24 7 [ 126 147 168 189 357 378 ] [ 0.65 0.95 1.05 0.96 1.38 0.81 0.65 ]
118 116 7 24 7 [ 84 126 210 336 357 378 ] [ 0.80 0.85 1.16 1.04 1.00 0.88 0.54 ]
118 119 4 14 7 [ 42 63 84 189 231 252 ] [ 0.72 0.86 1.20 0.98 1.37 0.94 0.60 ]
119 118 4 14 7 [ 21 84 105 126 294 378 ] [ 0.73 0.75 1.33 0.91 1.10 0.96 0.73 ]
113 117 15 58 7 [ 42 189 273 294 315 378 ] [ 0.53 0.76 1.10 1.01 1.20 0.93 0.75 ]
117 113 15 58 7 [ 84 273 294 357 378 399 ] [ 0.70 0.85 1.00 1.14 1.34 0.82 0.63 ]
90 117 10 35 7 [ 84 126 147 168 210 294 ] [ 0.77 0.90 1.33 0.95 1.17 0.72 0.69 ]
117 90 10 35 7 [ 21 42 231 273 294 315 ] [ 0.67 0.91 1.21 1.17 1.21 0.98 0.55 ]
117 120 5 17 7 [ 21 63 84 105 168 273 ] [ 0.51 0.90 1.10 0.89 1.31 0.79 0.80 ]
120 117 5 17 7 [ 21 84 252 273 378 399 ] [ 0.51 0.73 1.13 1.14 1.05 0.70 0.69 ]
119 120 5 16 7 [ 42 63 147 294 315 357 ] [ 0.76 0.99 1.24 0.96 1.04 0.81 0.74 ]
120 119 5 16 7 [ 105 126 147 189 252 357 ] [ 0.75 0.87 1.16 1.00 1.01 0.97 0.65 ]
120 121 3 8 7 [ 84 126 210 315 336 357 ] [ 0.77 0.79 1.09 0.87 1.13 0.84 0.52 ]
121 120 3 8 7 [ 126 168 189 294 357 399 ] [ 0.55 0.91 1.39 0.94 1.11 0.83 0.78 ]
86 121 5 15 7 [ 42 147 168 273 336 378 ] [ 0.64 0.79 1.32 1.16 1.24 0.98 0.77 ]
121 86 5 15 7 [ 105 147 210 315 357 378 ] [ 0.67 0.94 1.01 0.85 1.25 0.72 0.52 ]
121 122 5 15 7 [ 21 84 126 147 189 294 ] [ 0.67 0.72 1.04 1.15 1.19 0.79 0.79 ]
122 121 5 15 7 [ 84 126 231 273 294 336 ] [ 0.62 0.75 1.14 1.02 1.35 0.72 0.76 ]
122 123 8 29 7 [ 105 168 189 252 294 357 ] [ 0.56 0.91 1.02 0.84 1.25 0.77 0.54 ]
123 122 8 29 7 [ 42 84 168 231 273 378 ] [ 0.53 0.79 1.05 0.94 1.19 0.97 0.65 ]
119 122 9 32 7 [ 84 126 273 294 315 399 ] [ 0.78 0.82 1.09 0.92 1.12 0.90 0.70 ]
122 119 9 32 7 [ 42 63 126 210 294 315 ] [ 0.54 0.88 1.36 1.19 1.40 0.87 0.61 ]
122 124 9 32 7 [ 21 105 126 147 336 357 ] [ 0.73 0.96 1.01 1.03 1.16 0.88 0.60 ]
124 122 9 32 7 [ 21 42 231 273 336 399 ] [ 0.69 0.78 1.34 1.10 1.07 0.78 0.76 ]
3 123 17 67 7 [ 21 147 189 210 252 378 ] [ 0.60 0.90 1.02 1.11 1.20 0.73 0.53 ]
123 3 17 67 7 [ 21 42 168 189 273 336 ] [ 0.75 0.77 1.12 0.89 1.22 0.95 0.71 ]
123 125 4 11 7 [ 105 147 231 252 315 399 ] [ 0.55 0.94 1.34 1.06 1.34 0.75 0.77 ]
125 123 4 11 7 [ 21 42 105 168 273 336 ] [ 0.78 0.89 1.23 0.97 1.35 0.77 0.75 ]
125 126 5 15 7 [ 63 105 126 189 315 399 ] [ 0.50 0.93 1.05 1.07 1.02 0.88 0.71 ]
126 125 5 15 7 [ 21 105 147 273 294 378 ] [ 0.62 0.84 1.21 1.18 1.20 0.83 0.61 ]
126 127 6 22 7 [ 84 105 126 231 315 357 ] [ 0.55 0.98 1.09 1.07 1.14 0.82 0.66 ]
127 126 6 22 7 [ 21 63 105 147 168 315 ] [ 0.65 0.80 1.35 1.13 1.24 0.74 0.73 ]
2 127 11 41 7 [ 105 210 252 273 294 315 ] [ 0.71 0.71 1.20 0.98 1.18 0.95 0.55 ]
127 2 11 41 7 [ 21 84 294 357 378 399 ] [ 0.79 0.92 1.22 1.18 1.30 0.73 0.63 ]
127 128 7 23 7 [ 42 63 210 231 252 357 ] [ 0.77 0.88 1.39 0.86 1.30 0.89 0.50 ]
128 127 7 23 7 [ 21 105 147 231 336 399 ] [ 0.78 0.81 1.12 1.05 1.03 0.70 0.74 ]
126 128 4 11 7 [ 84 105 126 210 294 399 ] [ 0.60 0.92 1.39 0.90 1.20 0.79 0.79 ]
128 126 4 11 7 [ 105 147 189 273 336 378 ] [ 0.60 0.98 1.02 0.97 1.04 0.87 0.77 ]
125 129 10 35 7 [ 84 147 252 294 315 336 ] [ 0.61 0.99 1.13 0.85 1.31 0.86 0.60 ]
129 125 10 35 7 [ 42 63 126 189 252 294 ] [ 0.70 0.80 1.08 1.00 1.15 0.72 0.73 ]
125 130 7 26 7 [ 84 126 189 294 357 378 ] [ 0.60 0.93 1.26 1.19 1.28 0.77 0.73 ]
130 125 7 26 7 [ 42 63 189 210 231 357 ] [ 0.73 0.97 1.20 0.93 1.32 0.71 0.68 ]
130 131 2 5 7 [ 84 168 189 252 336 399 ] [ 0.61 0.79 1.31 1.17 1.06 0.78 0.55 ]
131 130 2 5 7 [ 21 84 105 231 378 399 ] [ 0.78 0.72 1.21 0.98 1.15 0.83 0.66 ]
131 132 3 7 7 [ 42 147 168 231 357 378 ] [ 0.78 0.95 1.05 1.01 1.03 1.00 0.76 ]
132 131 3 7 7 [ 21 147 210 231 378 399 ] [ 0.54 0.73 1.17 1.19 1.05 0.93 0.74 ]
132 133 3 10 7 [ 63 168 189 315 378 399 ] [ 0.72 0.81 1.14 1.07 1.18 0.99 0.55 ]
133 132 3 10 7 [ 42 63 147 210 273 315 ] [ 0.69 0.89 1.36 0.93 1.29 0.84 0.54 ]
132 134 6 19 7 [ 126 168 210 231 294 399 ] [ 0.65 0.99 1.04 0.95 1.16 0.74 0.77 ]
134 132 6 19 7 [ 21 42 147 168 357 378 ] [ 0.75 0.94 1.20 1.20 1.09 0.84 0.76 ]
133 134 4 14 7 [ 42 63 168 189 294 378 ] [ 0.59 0.79 1.13 0.81 1.04 0.88 0.61 ]
134 133 4 14 7 [ 21 42 84 105 252 357 ] [ 0.73 0.76 1.40 1.02 1.30 0.74 0.66 ]
133 135 9 31 7 [ 21 42 63 168 273 399 ] [ 0.56 0.85 1.32 1.13 1.05 0.78 0.71 ]
135 133 9 31 7 [ 21 63 210 294 336 399 ] [ 0.61 0.79 1.21 0.87 1.23 0.74 0.73 ]
135 136 8 29 7 [ 42 231 252 294 315 378 ] [ 0.65 0.91 1.40 0.97 1.21 0.98 0.59 ]
136 135 8 29 7 [ 42 168 252 336 357 399 ] [ 0.80 0.85 1.20 1.10 1.03 1.00 0.66 ]
135 137 2 5 7 [ 42 63 168 210 315 336 ] [ 0.77 0.92 1.19 1.13 1.04 0.98 0.52 ]
137 135 2 5 7 [ 63 126 147 210 252 315 ] [ 0.71 0.79 1.36 0.98 1.23 0.75 0.75 ]
130 137 13 47 7 [ 63 105 126 294 336 378 ] [ 0.61 0.83 1.20 1.18 1.25 0.91 0.80 ]
137 130 13 47 7 [ 21 189 210 252 273 315 ] [ 0.63 0.97 1.12 0.92 1.39 0.83 0.66 ]
124 137 6 20 7 [ 84 189 252 273 357 378 ] [ 0.51 0.84 1.06 1.01 1.19 0.80 0.63 ]
137 124 6 20 7 [ 105 168 189 210 336 378 ] [ 0.56 0.98 1.14 1.14 1.31 0.71 0.51 ]
54 139 4 14 7 [ 42 84 105 147 231 378 ] [ 0.72 0.71 1.22 0.81 1.32 0.99 0.58 ]
139 54 4 14 7 [ 147 168 210 231 252 357 ] [ 0.72 0.84 1.10 1.00 1.24 0.75 0.51 ]
53 139 5 18 7 [ 21 84 126 147 189 378 ] [ 0.61 0.73 1.07 0.88 1.17 0.91 0.66 ]
139 53 5 18 7 [ 84 105 189 231 315 336 ] [ 0.53 0.85 1.08 0.83 1.10 0.96 0.63 ]
10 26 13 50 7 [ 42 105 126 189 252 357 ] [ 0.58 0.75 1.08 0.81 1.38 0.93 0.70 ]
26 10 13 50 7 [ 63 105 126 252 315 378 ] [ 0.60 0.89 1.10 0.91 1.34 0.80 0.77 ]
57 69 4 11 7 [ 63 189 210 273 294 336 ] [ 0.79 0.73 1.19 1.11 1.00 0.95 0.54 ]
69 57 4 11 7 [ 63 147 273 294 315 378 ] [ 0.73 0.91 1.02 1.06 1.31 0.74 0.73 ]
