NAME : egl-g1-B
VERTICES : 255
EDG_REQ : 347
EDG_NONREQ : 28
VEHICLES : 25
CAPACITY : 22800
DEPOT : 0
STARTTIME : 0
ENDTIME : 420
SERVICE_SPEED_FACTOR : 0.70
[NETWORK_DATA]
0 4 7 1860 7 [ 21 42 63 231 273 336 ] [ 0.58 0.74 1.33 1.16 1.02 0.98 0.69 ]
4 0 7 1860 7 [ 42 168 231 294 315 378 ] [ 0.57 0.93 1.07 0.98 1.37 0.82 0.70 ]
4 5 3 556 7 [ 21 105 210 252 336 399 ] [ 0.69 1.00 1.36 0.83 1.08 0.81 0.79 ]
5 4 3 556 7 [ 21 63 126 210 336 399 ] [ 0.66 0.98 1.35 1.12 1.03 0.82 0.71 ]
5 6 4 821 7 [ 63 126 147 168 231 357 ] [ 0.52 0.73 1.05 1.06 1.29 0.90 0.74 ]
6 5 4 821 7 [ 105 147 168 189 252 273 ] [ 0.70 0.86 1.24 0.88 1.22 0.96 0.52 ]
6 7 3 606 7 [ 63 210 294 336 378 399 ] [ 0.67 0.92 1.32 1.10 1.12 0.80 0.53 ]
7 6 3 606 7 [ 42 63 168 252 315 399 ] [ 0.52 0.86 1.21 0.94 1.31 0.83 0.55 ]
7 8 8 2195 7 [ 42 84 126 252 294 399 ] [ 0.66 0.83 1.40 0.82 1.26 0.81 0.71 ]
8 7 8 2195 7 [ 21 63 168 273 294 399 ] [ 0.70 0.89 1.01 1.06 1.06 0.97 0.71 ]
8 9 2 282 7 [ 42 63 105 315 336 378 ] [ 0.60 0.98 1.07 1.08 1.33 0.93 0.80 ]
9 8 2 282 7 [ 21 84 147 168 210 399 ] [ 0.62 0.73 1.22 0.90 1.26 0.82 0.57 ]
9 10 7 1834 7 [ 21 42 210 273 294 378 ] [ 0.77 0.79 1.09 1.14 1.24 0.74 0.65 ]
10 9 7 1834 7 [ 21 126 231 315 336 399 ] [ 0.71 0.87 1.34 0.83 1.32 0.87 0.51 ]
10 11 5 1109 7 [ 42 168 210 315 378 399 ] [ 0.74 0.83 1.20 0.98 1.14 0.80 0.69 ]
11 10 5 1109 7 [ 21 84 147 252 357 378 ] [ 0.64 0.88 1.05 0.95 1.00 0.91 0.51 ]
11 12 3 591 7 [ 168 189 210 273 357 399 ] [ 0.67 0.95 1.10 1.11 1.20 0.92 0.60 ]
12 11 3 591 7 [ 21 84 168 252 357 399 ] [ 0.72 0.90 1.35 1.12 1.20 0.93 0.58 ]
12 13 12 3357 7 [ 63 84 105 126 273 399 ] [ 0.66 0.94 1.17 0.85 1.15 0.91 0.69 ]
13 12 12 3357 7 [ 105 126 147 168 210 399 ] [ 0.73 0.93 1.34 1.02 1.09 0.90 0.64 ]
13 14 8 1922 7 [ 189 231 294 315 357 378 ] [ 0.67 0.97 1.28 0.97 1.36 0.95 0.60 ]
14 13 8 1922 7 [ 126 210 294 315 357 378 ] [ 0.50 0.95 1.18 1.17 1.35 0.90 0.64 ]
4 15 2 390 7 [ 42 63 210 273 378 399 ] [ 0.69 0.72 1.06 0.95 1.09 0.77 0.70 ]
15 4 2 390 7 [ 21 84 126 189 252 336 ] [ 0.61 0.84 1.10 1.01 1.16 0.91 0.74 ]
15 16 2 221 7 [ 63 105 147 273 294 315 ] [ 0.64 0.78 1.21 0.85 1.11 0.84 0.56 ]
16 15 2 221 7 [ 21 126 168 210 252 378 ] [ 0.74 0.73 1.28 1.09 1.33 0.83 0.71 ]
16 17 2 318 7 [ 84 105 147 168 189 273 ] [ 0.79 0.88 1.07 1.02 1.23 0.87 0.61 ]
17 16 2 318 7 [ 21 42 126 252 357 399 ] [ 0.54 0.90 1.33 1.19 1.30 0.71 0.68 ]
5 17 2 429 7 [ 21 63 210 336 378 399 ] [ 0.62 0.81 1.06 0.82 1.15 0.85 0.67 ]
17 5 2 429 7 [ 147 168 294 336 378 399 ] [ 0.52 0.70 1.02 0.86 1.03 0.79 0.74 ]
17 18 3 717 7 [ 63 168 189 231 273 378 ] [ 0.62 0.88 1.28 0.85 1.19 0.79 0.69 ]
18 17 3 717 7 [ 168 189 252 294 336 378 ] [ 0.55 0.74 1.33 1.14 1.14 0.80 0.80 ]
6 18 3 503 7 [ 42 63 105 189 231 273 ] [ 0.62 0.81 1.12 1.11 1.22 0.97 0.53 ]
18 6 3 503 7 [ 21 84 105 231 252 378 ] [ 0.77 0.82 1.37 1.09 1.27 0.74 0.74 ]
15 19 4 960 7 [ 63 105 168 231 273 357 ] [ 0.70 0.90 1.23 0.81 1.08 0.87 0.80 ]
19 15 4 960 7 [ 21 42 84 105 294 399 ] [ 0.59 0.96 1.11 1.08 1.38 0.78 0.59 ]
19 20 3 669 7 [ 42 84 168 231 273 336 ] [ 0.69 0.75 1.05 0.94 1.21 0.93 0.72 ]
20 19 3 669 7 [ 84 126 168 294 336 399 ] [ 0.52 0.94 1.16 1.05 1.24 0.94 0.76 ]
18 20 3 460 7 [ 84 105 147 252 378 399 ] [ 0.53 0.78 1.30 0.86 1.02 0.87 0.72 ]
20 18 3 460 7 [ 168 210 294 315 378 399 ] [ 0.63 0.92 1.37 1.12 1.31 0.72 0.60 ]
19 21 3 519 7 [ 42 126 147 168 210 336 ] [ 0.61 0.75 1.18 0.81 1.23 0.71 0.57 ]
21 19 3 519 7 [ 147 189 210 252 273 378 ] [ 0.71 0.76 1.20 0.93 1.02 0.85 0.72 ]
21 22 3 463 7 [ 126 252 315 336 357 399 ] [ 0.71 0.90 1.29 0.83 1.13 0.95 0.53 ]
22 21 3 463 7 [ 21 147 210 315 336 378 ] [ 0.63 0.95 1.28 0.90 1.33 0.78 0.68 ]
20 22 4 985 7 [ 231 252 336 357 378 399 ] [ 0.70 0.89 1.39 1.06 1.19 0.70 0.58 ]
22 20 4 985 7 [ 63 84 147 294 378 399 ] [ 0.78 0.98 1.27 1.00 1.10 0.89 0.64 ]
21 23 3 528 7 [ 84 147 210 231 336 378 ] [ 0.58 0.87 1.03 0.92 1.14 0.89 0.73 ]
23 21 3 528 7 [ 21 42 189 210 273 315 ] [ 0.57 0.72 1.02 0.99 1.21 0.95 0.71 ]
22 23 3 479 7 [ 168 210 231 252 336 357 ] [ 0.69 0.91 1.37 0.80 1.21 0.73 0.69 ]
23 22 3 479 7 [ 63 126 168 252 273 336 ] [ 0.56 0.83 1.06 1.10 1.22 0.73 0.76 ]
23 24 6 1561 7 [ 42 84 105 147 273 315 ] [ 0.69 0.98 1.31 1.13 1.24 0.82 0.63 ]
24 23 6 1561 7 [ 21 63 126 294 336 399 ] [ 0.80 0.85 1.30 0.98 1.25 0.82 0.51 ]
20 25 3 681 7 [ 84 105 126 189 210 294 ] [ 0.71 0.88 1.06 0.87 1.02 0.98 0.68 ]
25 20 3 681 7 [ 42 63 84 147 189 378 ] [ 0.62 0.99 1.31 0.99 1.01 1.00 0.72 ]
7 25 5 1063 7 [ 105 147 168 210 273 378 ] [ 0.64 0.99 1.40 1.18 1.09 0.96 0.72 ]
25 7 5 1063 7 [ 21 168 252 273 315 336 ] [ 0.56 0.74 1.18 0.92 1.36 1.00 0.51 ]
6 254 4 991 7 [ 21 42 189 252 336 357 ] [ 0.51 0.75 1.21 0.99 1.11 0.94 0.73 ]
254 6 4 991 7 [ 21 168 231 273 294 357 ] [ 0.59 0.73 1.19 1.00 1.21 0.97 0.59 ]
25 26 4 969 7 [ 126 147 210 273 336 399 ] [ 0.75 0.70 1.23 0.93 1.26 0.76 0.59 ]
26 25 4 969 7 [ 21 63 126 168 231 336 ] [ 0.57 0.95 1.12 0.82 1.07 0.81 0.64 ]
22 27 6 1471 7 [ 105 147 210 252 315 336 ] [ 0.77 0.92 1.16 0.89 1.35 0.92 0.69 ]
27 22 6 1471 7 [ 21 63 147 168 189 315 ] [ 0.62 0.92 1.37 0.90 1.15 0.88 0.76 ]
26 27 3 590 7 [ 84 168 315 336 378 399 ] [ 0.69 0.87 1.15 0.96 1.11 0.72 0.70 ]
27 26 3 590 7 [ 63 126 147 189 273 399 ] [ 0.56 0.84 1.09 0.95 1.16 0.77 0.59 ]
26 28 3 720 7 [ 21 84 168 336 357 378 ] [ 0.63 0.88 1.25 1.13 1.03 0.74 0.68 ]
28 26 3 720 7 [ 21 126 210 273 294 399 ] [ 0.66 0.70 1.29 1.05 1.19 0.97 0.51 ]
27 28 4 819 7 [ 42 105 147 168 189 273 ] [ 0.66 0.75 1.32 0.86 1.08 0.99 0.54 ]
28 27 4 819 7 [ 63 105 210 231 252 294 ] [ 0.58 0.81 1.39 0.83 1.26 0.98 0.61 ]
8 28 4 794 7 [ 126 168 189 231 357 378 ] [ 0.63 0.89 1.33 0.85 1.08 0.93 0.53 ]
28 8 4 794 7 [ 21 42 168 210 336 399 ] [ 0.78 0.86 1.02 1.11 1.24 0.85 0.61 ]
8 254 3 637 7 [ 21 42 84 168 252 378 ] [ 0.62 0.74 1.03 1.13 1.37 0.70 0.54 ]
254 8 3 637 7 [ 42 63 168 189 273 357 ] [ 0.59 0.90 1.19 1.16 1.00 0.90 0.75 ]
9 29 3 498 7 [ 147 231 273 315 357 378 ] [ 0.56 0.79 1.22 0.97 1.22 0.73 0.68 ]
29 9 3 498 7 [ 105 168 231 273 294 336 ] [ 0.79 0.93 1.01 0.94 1.19 0.77 0.71 ]
28 30 3 559 7 [ 21 42 105 126 189 399 ] [ 0.64 0.83 1.08 1.04 1.12 0.85 0.76 ]
30 28 3 559 7 [ 105 126 168 210 315 336 ] [ 0.64 0.84 1.17 1.00 1.22 0.88 0.75 ]
30 29 2 383 7 [ 42 63 126 147 336 399 ] [ 0.74 0.71 1.29 0.94 1.03 0.96 0.57 ]
29 30 2 383 7 [ 63 105 126 189 294 336 ] [ 0.60 0.91 1.30 1.18 1.29 0.97 0.77 ]
30 31 7 1671 7 [ 21 84 105 189 210 273 ] [ 0.76 0.72 1.05 0.87 1.03 0.93 0.55 ]
31 30 7 1671 7 [ 147 189 210 231 273 399 ] [ 0.61 0.83 1.16 0.89 1.25 0.81 0.69 ]
31 32 2 420 7 [ 147 210 273 294 336 357 ] [ 0.68 0.85 1.26 0.95 1.08 0.72 0.52 ]
32 31 2 420 7 [ 231 252 273 315 357 399 ] [ 0.51 0.95 1.20 0.85 1.32 0.90 0.78 ]
29 32 6 1373 7 [ 84 105 189 273 315 399 ] [ 0.73 0.91 1.30 0.95 1.09 0.88 0.58 ]
32 29 6 1373 7 [ 21 42 105 147 168 189 ] [ 0.64 0.77 1.25 1.04 1.13 0.96 0.60 ]
32 10 1 130 7 [ 84 189 294 357 378 399 ] [ 0.65 0.90 1.38 0.80 1.06 0.97 0.68 ]
10 32 1 130 7 [ 42 126 147 168 273 336 ] [ 0.60 0.72 1.19 0.94 1.29 0.96 0.51 ]
31 33 3 546 7 [ 84 168 189 294 315 399 ] [ 0.78 0.80 1.38 1.08 1.04 0.88 0.78 ]
33 31 3 546 7 [ 21 42 63 84 273 336 ] [ 0.64 0.77 1.32 0.97 1.33 0.93 0.57 ]
33 34 3 510 7 [ 105 147 189 210 315 399 ] [ 0.79 0.95 1.34 1.03 1.05 0.81 0.75 ]
34 33 3 510 7 [ 63 84 126 252 294 357 ] [ 0.63 0.74 1.05 0.95 1.35 0.92 0.77 ]
34 35 2 363 7 [ 84 147 231 273 357 378 ] [ 0.76 0.83 1.04 0.91 1.06 0.84 0.57 ]
35 34 2 363 7 [ 42 63 231 294 336 378 ] [ 0.68 0.86 1.12 1.17 1.03 0.74 0.53 ]
35 32 2 424 7 [ 21 42 168 252 273 399 ] [ 0.74 0.99 1.31 1.12 1.30 0.74 0.56 ]
32 35 2 424 7 [ 42 63 189 210 252 399 ] [ 0.63 0.84 1.07 1.00 1.24 0.79 0.55 ]
35 11 3 673 7 [ 21 42 63 168 210 399 ] [ 0.71 0.92 1.24 0.90 1.17 0.89 0.76 ]
11 35 3 673 7 [ 21 147 189 273 294 315 ] [ 0.52 0.87 1.30 0.85 1.18 0.86 0.52 ]
34 36 4 894 7 [ 21 63 126 273 294 336 ] [ 0.55 0.74 1.16 0.88 1.26 0.87 0.57 ]
36 34 4 894 7 [ 21 147 252 273 294 336 ] [ 0.59 0.71 1.27 1.19 1.21 0.94 0.51 ]
36 12 2 226 7 [ 63 210 231 294 315 399 ] [ 0.67 0.78 1.38 0.92 1.06 0.94 0.73 ]
12 36 2 226 7 [ 42 147 315 336 357 378 ] [ 0.64 0.78 1.16 1.02 1.08 0.77 0.78 ]
37 38 8 2022 7 [ 42 63 126 147 189 315 ] [ 0.54 0.98 1.25 1.15 1.14 1.00 0.57 ]
38 37 8 2022 7 [ 21 42 210 252 273 336 ] [ 0.68 0.95 1.28 1.19 1.24 0.72 0.72 ]
38 39 4 747 7 [ 21 105 252 273 294 315 ] [ 0.57 0.73 1.15 1.10 1.07 0.80 0.68 ]
39 38 4 747 7 [ 84 126 168 315 357 399 ] [ 0.73 0.94 1.15 1.15 1.14 0.76 0.74 ]
38 40 9 2431 7 [ 84 105 147 273 336 378 ] [ 0.76 0.71 1.34 1.01 1.19 0.80 0.53 ]
40 38 9 2431 7 [ 42 63 105 126 147 357 ] [ 0.78 0.73 1.05 0.97 1.20 0.97 0.62 ]
40 33 10 2533 7 [ 63 84 189 294 315 336 ] [ 0.73 0.73 1.10 1.00 1.25 0.93 0.76 ]
33 40 10 2533 7 [ 126 147 189 231 294 315 ] [ 0.78 0.99 1.38 1.07 1.24 0.85 0.59 ]
38 41 13 3644 7 [ 84 147 252 273 294 378 ] [ 0.76 0.84 1.09 1.07 1.40 0.82 0.77 ]
41 38 13 3644 7 [ 42 210 231 252 273 399 ] [ 0.67 0.70 1.25 1.00 1.22 0.96 0.65 ]
41 42 3 605 7 [ 21 63 168 189 252 378 ] [ 0.53 0.86 1.32 0.98 1.27 0.89 0.79 ]
42 41 3 605 7 [ 21 42 105 126 231 315 ] [ 0.79 0.91 1.17 1.14 1.37 0.72 0.57 ]
40 42 14 3742 7 [ 105 147 168 294 315 336 ] [ 0.62 0.97 1.02 1.08 1.03 0.88 0.54 ]
42 40 14 3742 7 [ 21 84 147 273 336 378 ] [ 0.60 0.82 1.29 0.93 1.24 0.84 0.70 ]
42 43 3 666 7 [ 42 105 126 210 273 336 ] [ 0.77 0.86 1.27 0.98 1.35 0.75 0.63 ]
43 42 3 666 7 [ 21 105 189 210 357 399 ] [ 0.55 0.80 1.23 1.08 1.05 0.80 0.63 ]
36 43 18 5067 7 [ 21 63 126 168 378 399 ] [ 0.50 0.78 1.29 0.82 1.19 0.79 0.58 ]
43 36 18 5067 7 [ 63 189 210 231 357 399 ] [ 0.68 0.76 1.18 1.17 1.17 0.94 0.71 ]
13 43 13 3407 7 [ 21 42 63 231 273 336 ] [ 0.57 0.78 1.30 1.09 1.19 0.77 0.51 ]
43 13 13 3407 7 [ 63 189 210 252 336 399 ] [ 0.78 0.92 1.25 1.19 1.06 0.78 0.76 ]
14 44 6 1414 7 [ 42 63 105 168 210 336 ] [ 0.80 0.91 1.19 1.09 1.14 0.84 0.78 ]
44 14 6 1414 7 [ 84 147 168 231 315 378 ] [ 0.74 0.87 1.26 1.11 1.34 0.83 0.70 ]
44 45 10 2781 7 [ 42 105 126 168 231 252 ] [ 0.51 0.97 1.05 1.20 1.22 0.90 0.62 ]
45 44 10 2781 7 [ 126 168 210 273 336 378 ] [ 0.61 0.71 1.15 0.86 1.21 0.92 0.73 ]
45 46 4 844 7 [ 84 147 189 273 315 399 ] [ 0.68 0.70 1.22 0.94 1.29 0.76 0.60 ]
46 45 4 844 7 [ 126 147 210 294 315 336 ] [ 0.51 0.98 1.22 0.86 1.25 0.78 0.63 ]
45 47 4 774 7 [ 21 84 252 273 315 357 ] [ 0.62 0.91 1.06 1.02 1.26 0.93 0.66 ]
47 45 4 774 7 [ 63 84 126 294 336 378 ] [ 0.53 0.86 1.30 0.83 1.35 0.76 0.74 ]
47 48 3 553 7 [ 21 105 189 252 294 315 ] [ 0.57 0.90 1.35 0.83 1.35 0.98 0.77 ]
48 47 3 553 7 [ 21 126 210 273 294 336 ] [ 0.79 0.74 1.32 0.89 1.32 0.91 0.59 ]
45 48 5 1231 7 [ 21 210 231 273 336 399 ] [ 0.68 0.81 1.24 1.02 1.08 0.79 0.76 ]
48 45 5 1231 7 [ 84 147 168 294 315 399 ] [ 0.79 0.87 1.35 1.14 1.05 0.82 0.56 ]
48 49 5 1041 7 [ 21 63 147 210 252 315 ] [ 0.80 0.81 1.31 0.86 1.28 0.90 0.70 ]
49 48 5 1041 7 [ 189 210 252 315 336 378 ] [ 0.78 0.78 1.20 1.18 1.38 0.73 0.66 ]
49 50 6 1486 7 [ 21 210 231 273 315 357 ] [ 0.67 0.96 1.04 0.99 1.20 0.78 0.66 ]
50 49 6 1486 7 [ 42 105 126 147 294 378 ] [ 0.75 0.76 1.36 0.84 1.29 0.87 0.67 ]
50 51 5 1190 7 [ 42 105 252 294 336 378 ] [ 0.54 0.97 1.15 1.09 1.07 0.89 0.53 ]
51 50 5 1190 7 [ 21 84 105 126 147 210 ] [ 0.51 0.71 1.34 0.85 1.36 0.72 0.70 ]
51 52 5 1254 7 [ 105 126 168 231 252 399 ] [ 0.67 0.91 1.40 0.89 1.23 0.70 0.75 ]
52 51 5 1254 7 [ 21 84 126 168 252 315 ] [ 0.53 0.99 1.17 1.03 1.26 0.75 0.51 ]
52 53 3 468 7 [ 63 84 105 168 336 378 ] [ 0.62 0.85 1.30 1.00 1.28 0.80 0.56 ]
53 52 3 468 7 [ 126 147 168 273 315 399 ] [ 0.65 0.86 1.28 1.08 1.32 0.87 0.59 ]
53 54 2 230 7 [ 21 42 231 273 357 378 ] [ 0.51 0.77 1.37 1.04 1.14 0.90 0.52 ]
54 53 2 230 7 [ 21 84 126 147 189 315 ] [ 0.79 0.78 1.21 0.98 1.06 0.73 0.77 ]
54 41 7 1871 7 [ 21 63 147 210 231 294 ] [ 0.69 0.78 1.32 1.06 1.35 0.88 0.66 ]
41 54 7 1871 7 [ 21 105 168 294 336 357 ] [ 0.63 0.99 1.20 1.07 1.25 0.83 0.78 ]
54 52 3 662 7 [ 42 126 168 189 336 399 ] [ 0.66 0.99 1.27 0.80 1.25 0.79 0.64 ]
52 54 3 662 7 [ 42 105 189 231 294 357 ] [ 0.67 0.80 1.14 0.92 1.36 0.99 0.69 ]
43 53 6 1559 7 [ 84 105 126 147 168 399 ] [ 0.54 0.75 1.13 1.07 1.29 0.78 0.67 ]
53 43 6 1559 7 [ 21 126 147 210 231 273 ] [ 0.58 0.94 1.16 1.11 1.31 0.87 0.79 ]
52 55 3 545 7 [ 63 84 189 273 294 399 ] [ 0.76 0.98 1.28 0.93 1.39 0.73 0.59 ]
55 52 3 545 7 [ 84 105 231 294 315 378 ] [ 0.78 0.78 1.19 0.82 1.13 0.89 0.66 ]
55 56 2 341 7 [ 21 63 84 126 252 336 ] [ 0.67 0.92 1.18 0.95 1.28 0.80 0.65 ]
56 55 2 341 7 [ 84 147 189 210 273 357 ] [ 0.59 0.78 1.29 1.17 1.07 0.96 0.60 ]
56 57 2 422 7 [ 21 105 273 357 378 399 ] [ 0.56 0.77 1.12 0.86 1.26 0.88 0.66 ]
57 56 2 422 7 [ 21 84 168 189 294 357 ] [ 0.76 0.88 1.03 1.05 1.39 0.90 0.72 ]
55 57 2 332 7 [ 21 105 147 252 273 336 ] [ 0.76 0.97 1.04 0.93 1.12 0.90 0.68 ]
57 55 2 332 7 [ 42 84 126 168 336 357 ] [ 0.56 0.89 1.13 0.89 1.06 0.99 0.71 ]
57 58 2 324 7 [ 42 147 189 252 273 336 ] [ 0.73 0.96 1.29 0.95 1.29 0.72 0.68 ]
58 57 2 324 7 [ 21 105 126 252 336 357 ] [ 0.58 0.84 1.20 0.95 1.25 0.85 0.69 ]
58 51 3 502 7 [ 84 126 273 315 357 399 ] [ 0.60 0.88 1.08 1.10 1.18 0.75 0.80 ]
51 58 3 502 7 [ 42 210 231 294 378 399 ] [ 0.68 0.73 1.35 1.02 1.14 0.93 0.53 ]
58 59 2 358 7 [ 42 63 105 147 252 294 ] [ 0.69 0.92 1.33 1.13 1.11 0.96 0.70 ]
59 58 2 358 7 [ 21 105 231 315 357 378 ] [ 0.77 0.98 1.30 0.84 1.20 0.83 0.59 ]
50 59 5 1076 7 [ 105 168 231 273 315 399 ] [ 0.67 0.90 1.05 0.92 1.28 0.90 0.78 ]
59 50 5 1076 7 [ 21 105 147 168 189 273 ] [ 0.76 0.85 1.07 0.96 1.39 0.92 0.59 ]
56 60 2 368 7 [ 147 252 273 315 378 399 ] [ 0.74 0.81 1.37 0.84 1.03 0.85 0.78 ]
60 56 2 368 7 [ 42 63 105 210 273 336 ] [ 0.63 0.84 1.19 1.12 1.22 0.98 0.74 ]
60 61 2 376 7 [ 63 105 189 210 231 252 ] [ 0.53 0.72 1.26 0.98 1.20 0.83 0.71 ]
61 60 2 376 7 [ 63 84 105 147 252 294 ] [ 0.70 0.93 1.13 1.13 1.20 0.76 0.54 ]
61 62 7 1669 7 [ 21 42 210 252 357 399 ] [ 0.52 0.84 1.24 0.88 1.18 0.85 0.73 ]
62 61 7 1669 7 [ 42 84 168 189 231 399 ] [ 0.63 0.82 1.25 1.10 1.28 0.86 0.51 ]
59 63 5 1123 7 [ 42 63 126 168 210 231 ] [ 0.71 0.74 1.40 1.04 1.00 0.77 0.79 ]
63 59 5 1123 7 [ 42 63 105 168 315 378 ] [ 0.75 0.73 1.06 0.94 1.12 0.81 0.65 ]
63 64 3 520 7 [ 63 84 252 273 294 378 ] [ 0.64 0.75 1.03 0.98 1.31 0.90 0.60 ]
64 63 3 520 7 [ 21 42 63 105 273 336 ] [ 0.63 0.95 1.22 0.85 1.03 0.72 0.62 ]
64 65 9 2332 7 [ 21 105 147 168 273 357 ] [ 0.68 0.75 1.12 1.16 1.28 0.75 0.50 ]
65 64 9 2332 7 [ 42 168 210 273 378 399 ] [ 0.71 0.82 1.04 1.11 1.01 0.96 0.51 ]
65 3 10 2562 7 [ 126 231 252 294 378 399 ] [ 0.80 0.89 1.04 1.08 1.36 0.76 0.69 ]
3 65 10 2562 7 [ 126 189 210 231 315 378 ] [ 0.53 0.90 1.03 0.96 1.35 0.84 0.53 ]
3 49 8 2191 7 [ 21 84 126 252 315 399 ] [ 0.71 0.83 1.08 1.15 1.36 0.74 0.77 ]
49 3 8 2191 7 [ 63 168 189 252 294 315 ] [ 0.59 0.99 1.27 1.02 1.08 0.99 0.66 ]
3 47 4 874 7 [ 21 84 126 168 210 357 ] [ 0.62 1.00 1.22 1.16 1.02 0.92 0.65 ]
47 3 4 874 7 [ 42 147 210 315 336 378 ] [ 0.61 0.72 1.09 1.05 1.18 0.92 0.64 ]
67 68 7 1781 7 [ 21 147 231 252 294 357 ] [ 0.71 0.97 1.13 1.03 1.05 0.97 0.59 ]
68 67 7 1781 7 [ 21 105 210 231 273 357 ] [ 0.65 0.96 1.34 0.82 1.27 0.80 0.66 ]
68 69 5 1101 7 [ 42 63 252 294 357 399 ] [ 0.69 0.93 1.08 0.91 1.09 0.88 0.62 ]
69 68 5 1101 7 [ 84 168 210 273 315 357 ] [ 0.61 0.75 1.20 1.08 1.24 0.98 0.70 ]
68 70 3 563 7 [ 21 147 168 231 273 399 ] [ 0.77 0.80 1.31 0.95 1.12 0.95 0.65 ]
70 68 3 563 7 [ 105 189 231 273 294 378 ] [ 0.51 0.79 1.23 0.90 1.32 0.73 0.67 ]
69 70 4 984 7 [ 21 84 147 252 315 378 ] [ 0.73 0.88 1.20 1.14 1.36 0.99 0.65 ]
70 69 4 984 7 [ 63 105 147 189 210 231 ] [ 0.54 0.87 1.25 1.05 1.21 0.90 0.60 ]
69 62 11 2931 7 [ 42 84 105 168 189 294 ] [ 0.56 0.91 1.25 0.85 1.17 0.86 0.72 ]
62 69 11 2931 7 [ 105 147 168 252 273 378 ] [ 0.59 0.87 1.11 1.04 1.39 0.89 0.62 ]
70 71 6 1613 7 [ 63 126 210 252 336 399 ] [ 0.67 0.85 1.16 0.99 1.14 0.72 0.64 ]
71 70 6 1613 7 [ 63 84 189 273 294 378 ] [ 0.65 0.94 1.26 1.15 1.36 0.75 0.70 ]
71 72 11 2954 7 [ 42 84 147 168 336 378 ] [ 0.67 0.90 1.26 1.19 1.19 0.83 0.75 ]
72 71 11 2954 7 [ 21 63 210 252 378 399 ] [ 0.75 0.77 1.08 0.93 1.09 0.94 0.77 ]
72 73 3 577 7 [ 84 168 189 231 252 399 ] [ 0.65 0.82 1.36 0.86 1.32 0.98 0.78 ]
73 72 3 577 7 [ 42 105 189 273 336 378 ] [ 0.77 0.88 1.23 1.06 1.01 0.92 0.50 ]
61 73 12 3309 7 [ 84 147 168 210 357 399 ] [ 0.73 0.80 1.36 1.00 1.07 0.70 0.68 ]
73 61 12 3309 7 [ 42 105 252 315 357 378 ] [ 0.80 0.86 1.14 1.04 1.06 0.88 0.71 ]
73 74 3 543 7 [ 21 105 189 210 231 336 ] [ 0.61 0.82 1.39 1.01 1.24 0.89 0.59 ]
74 73 3 543 7 [ 42 105 210 231 273 399 ] [ 0.52 0.72 1.37 1.02 1.01 0.77 0.72 ]
74 72 3 588 7 [ 21 84 231 252 294 357 ] [ 0.55 0.84 1.09 0.86 1.15 0.93 0.74 ]
72 74 3 588 7 [ 21 105 126 231 252 357 ] [ 0.65 0.99 1.23 0.82 1.14 0.93 0.69 ]
41 74 9 2479 7 [ 21 42 105 210 231 378 ] [ 0.51 0.90 1.23 0.95 1.32 0.88 0.67 ]
74 41 9 2479 7 [ 84 168 189 273 357 399 ] [ 0.80 0.86 1.38 1.03 1.13 0.74 0.70 ]
74 75 12 3247 7 [ 21 84 147 189 336 378 ] [ 0.70 0.93 1.13 1.13 1.01 0.82 0.73 ]
75 74 12 3247 7 [ 84 147 168 210 315 336 ] [ 0.60 0.97 1.26 0.90 1.21 0.83 0.69 ]
75 76 5 1169 7 [ 63 105 126 252 315 357 ] [ 0.60 0.86 1.03 0.91 1.38 0.91 0.78 ]
76 75 5 1169 7 [ 42 63 105 168 231 378 ] [ 0.54 0.85 1.23 0.81 1.20 0.76 0.54 ]
76 39 4 1022 7 [ 42 126 168 210 315 357 ] [ 0.61 0.81 1.36 0.96 1.31 0.84 0.69 ]
39 76 4 1022 7 [ 21 84 189 210 378 399 ] [ 0.63 0.83 1.32 1.05 1.21 0.80 0.70 ]
75 77 13 3457 7 [ 63 189 231 252 357 399 ] [ 0.65 0.71 1.30 0.80 1.22 0.98 0.71 ]
77 75 13 3457 7 [ 63 105 189 252 336 399 ] [ 0.70 0.91 1.39 1.17 1.38 0.95 0.54 ]
77 78 2 342 7 [ 63 105 168 210 252 315 ] [ 0.54 0.93 1.05 0.91 1.16 0.80 0.52 ]
78 77 2 342 7 [ 63 147 210 273 357 378 ] [ 0.60 0.77 1.06 1.14 1.30 0.87 0.77 ]
77 79 17 4719 7 [ 42 168 189 210 231 294 ] [ 0.56 0.72 1.32 0.99 1.26 0.78 0.64 ]
79 77 17 4719 7 [ 42 105 231 294 336 399 ] [ 0.80 0.89 1.03 1.03 1.37 0.95 0.70 ]
79 80 2 212 7 [ 105 126 168 210 252 273 ] [ 0.74 0.81 1.26 1.05 1.36 0.85 0.60 ]
80 79 2 212 7 [ 126 168 189 210 252 378 ] [ 0.80 0.93 1.05 0.84 1.37 0.79 0.71 ]
80 71 2 283 7 [ 21 168 210 231 252 336 ] [ 0.59 0.77 1.07 0.87 1.11 0.96 0.75 ]
71 80 2 283 7 [ 42 63 189 231 273 357 ] [ 0.53 0.88 1.25 0.96 1.05 0.81 0.77 ]
80 81 7 1725 7 [ 42 147 168 252 315 399 ] [ 0.54 0.88 1.24 0.87 1.15 0.89 0.57 ]
81 80 7 1725 7 [ 126 147 210 252 315 378 ] [ 0.69 0.98 1.09 1.09 1.15 0.84 0.63 ]
81 70 5 1274 7 [ 84 147 189 231 294 378 ] [ 0.52 0.82 1.30 1.13 1.31 0.82 0.66 ]
70 81 5 1274 7 [ 63 84 189 252 357 378 ] [ 0.55 0.75 1.14 1.05 1.09 0.76 0.79 ]
81 82 2 422 7 [ 42 84 210 231 273 399 ] [ 0.57 0.84 1.25 0.92 1.27 0.79 0.64 ]
82 81 2 422 7 [ 84 105 147 231 336 378 ] [ 0.61 0.89 1.07 0.83 1.15 0.70 0.64 ]
82 83 7 1671 7 [ 84 147 189 210 315 357 ] [ 0.52 0.99 1.33 0.90 1.23 0.72 0.56 ]
83 82 7 1671 7 [ 63 105 252 294 315 336 ] [ 0.73 0.94 1.38 0.85 1.06 0.75 0.72 ]
83 79 5 1294 7 [ 84 105 126 168 357 399 ] [ 0.68 0.90 1.23 0.87 1.16 0.77 0.76 ]
79 83 5 1294 7 [ 63 126 231 294 315 357 ] [ 0.64 0.90 1.38 1.08 1.20 0.71 0.54 ]
83 84 9 2384 7 [ 42 105 126 168 231 252 ] [ 0.60 0.72 1.03 0.97 1.19 0.71 0.57 ]
84 83 9 2384 7 [ 63 84 210 231 273 399 ] [ 0.53 0.98 1.32 0.81 1.28 0.80 0.63 ]
84 85 6 1607 7 [ 21 63 84 273 315 378 ] [ 0.72 0.72 1.20 1.00 1.07 0.87 0.61 ]
85 84 6 1607 7 [ 42 189 294 336 357 378 ] [ 0.72 0.98 1.38 1.04 1.17 0.89 0.71 ]
83 86 6 1479 7 [ 63 105 147 273 315 399 ] [ 0.65 0.90 1.09 0.92 1.05 0.87 0.78 ]
86 83 6 1479 7 [ 21 63 126 231 252 357 ] [ 0.76 0.85 1.36 0.92 1.04 0.87 0.57 ]
85 86 5 1041 7 [ 63 105 126 189 378 399 ] [ 0.58 0.95 1.11 1.02 1.13 0.88 0.79 ]
86 85 5 1041 7 [ 21 126 189 210 294 378 ] [ 0.69 0.71 1.23 1.02 1.24 0.85 0.72 ]
85 87 28 8010 7 [ 21 84 147 294 315 336 ] [ 0.78 0.85 1.30 1.14 1.32 0.71 0.73 ]
87 85 28 8010 7 [ 42 105 147 231 273 336 ] [ 0.50 0.78 1.37 1.08 1.19 0.88 0.58 ]
87 88 3 602 7 [ 42 210 252 294 336 378 ] [ 0.78 0.83 1.11 1.04 1.20 0.76 0.56 ]
88 87 3 602 7 [ 63 168 231 273 336 357 ] [ 0.70 0.92 1.38 1.03 1.19 0.99 0.54 ]
88 89 4 895 7 [ 105 126 168 210 294 399 ] [ 0.69 0.81 1.21 1.15 1.30 0.91 0.78 ]
89 88 4 895 7 [ 210 315 336 357 378 399 ] [ 0.73 0.89 1.20 0.87 1.32 0.89 0.69 ]
254 88 4 883 7 [ 168 189 231 294 378 399 ] [ 0.80 0.86 1.07 1.11 1.07 0.93 0.68 ]
88 254 4 883 7 [ 21 63 189 231 315 378 ] [ 0.63 0.71 1.20 0.84 1.16 0.98 0.71 ]
82 90 11 2892 7 [ 21 126 189 273 378 399 ] [ 0.74 0.76 1.35 0.99 1.20 0.72 0.59 ]
90 82 11 2892 7 [ 21 84 168 189 210 273 ] [ 0.55 0.71 1.19 0.83 1.33 0.82 0.75 ]
90 91 3 450 7 [ 42 63 105 189 273 399 ] [ 0.51 0.83 1.13 1.04 1.26 0.89 0.55 ]
91 90 3 450 7 [ 21 84 168 210 231 336 ] [ 0.71 0.75 1.39 1.06 1.24 1.00 0.52 ]
91 92 4 863 7 [ 21 63 168 231 315 378 ] [ 0.66 0.91 1.39 1.04 1.34 0.86 0.78 ]
92 91 4 863 7 [ 42 252 273 294 315 336 ] [ 0.71 0.81 1.38 1.08 1.04 0.86 0.75 ]
92 93 3 509 7 [ 42 84 189 210 252 273 ] [ 0.76 0.93 1.03 1.11 1.38 0.92 0.73 ]
93 92 3 509 7 [ 63 84 105 147 294 378 ] [ 0.72 0.96 1.06 0.95 1.34 0.86 0.71 ]
93 91 2 393 7 [ 84 105 210 231 273 315 ] [ 0.68 0.86 1.05 0.89 1.26 0.96 0.64 ]
91 93 2 393 7 [ 42 84 105 231 315 336 ] [ 0.52 0.87 1.19 0.83 1.30 0.71 0.79 ]
67 93 8 2070 7 [ 63 105 126 231 294 399 ] [ 0.59 0.93 1.13 0.99 1.04 0.74 0.78 ]
93 67 8 2070 7 [ 63 168 210 231 252 399 ] [ 0.61 0.88 1.29 1.13 1.36 0.75 0.50 ]
93 94 9 2463 7 [ 105 126 147 315 378 399 ] [ 0.71 0.77 1.11 1.15 1.08 0.91 0.79 ]
94 93 9 2463 7 [ 105 168 210 273 315 378 ] [ 0.51 0.70 1.13 0.82 1.33 0.73 0.67 ]
67 94 6 1390 7 [ 21 84 168 252 294 399 ] [ 0.75 0.76 1.26 0.85 1.15 0.86 0.71 ]
94 67 6 1390 7 [ 63 105 126 168 189 210 ] [ 0.52 0.89 1.21 1.05 1.36 0.86 0.69 ]
2 94 18 5069 7 [ 126 147 168 189 231 252 ] [ 0.50 0.86 1.05 0.89 1.18 0.86 0.54 ]
94 2 18 5069 7 [ 21 63 84 210 252 315 ] [ 0.51 0.81 1.30 1.03 1.30 0.99 0.60 ]
2 95 14 3831 7 [ 84 126 147 273 336 378 ] [ 0.69 0.99 1.18 1.12 1.20 0.90 0.50 ]
95 2 14 3831 7 [ 63 105 252 294 315 357 ] [ 0.70 0.71 1.17 1.18 1.23 0.85 0.56 ]
95 96 8 1948 7 [ 147 252 294 315 336 378 ] [ 0.71 0.98 1.28 1.13 1.03 0.71 0.63 ]
96 95 8 1948 7 [ 63 105 168 210 315 399 ] [ 0.52 0.77 1.27 0.99 1.38 0.71 0.58 ]
92 96 11 3062 7 [ 21 126 189 231 273 357 ] [ 0.60 1.00 1.23 1.00 1.30 0.85 0.72 ]
96 92 11 3062 7 [ 21 84 105 231 294 336 ] [ 0.69 0.98 1.24 1.04 1.38 0.97 0.63 ]
90 98 4 762 7 [ 21 189 252 273 315 357 ] [ 0.51 0.82 1.07 1.06 1.03 0.93 0.50 ]
98 90 4 762 7 [ 21 84 231 294 357 399 ] [ 0.50 0.83 1.31 0.84 1.23 0.95 0.71 ]
97 98 16 4437 7 [ 21 84 231 294 315 357 ] [ 0.64 0.88 1.20 1.11 1.28 0.90 0.75 ]
98 97 16 4437 7 [ 21 42 63 126 252 378 ] [ 0.73 0.75 1.09 1.01 1.04 0.96 0.78 ]
96 97 2 400 7 [ 21 105 168 210 231 294 ] [ 0.69 0.90 1.18 1.17 1.09 0.86 0.54 ]
97 96 2 400 7 [ 168 189 231 273 294 378 ] [ 0.77 0.95 1.39 1.00 1.12 0.72 0.64 ]
95 99 13 3661 7 [ 42 63 84 126 252 378 ] [ 0.67 0.87 1.20 1.10 1.22 0.96 0.56 ]
99 95 13 3661 7 [ 63 147 315 336 357 399 ] [ 0.52 0.78 1.19 1.14 1.26 0.79 0.64 ]
99 1 6 1562 7 [ 42 63 105 126 189 399 ] [ 0.72 0.97 1.31 1.11 1.36 0.81 0.76 ]
1 99 6 1562 7 [ 21 63 189 210 315 357 ] [ 0.66 0.70 1.30 1.08 1.06 0.96 0.72 ]
86 100 6 1423 7 [ 42 126 210 231 315 336 ] [ 0.55 0.87 1.31 1.01 1.26 0.77 0.79 ]
100 86 6 1423 7 [ 42 63 84 315 357 378 ] [ 0.53 1.00 1.17 1.00 1.18 0.90 0.70 ]
100 101 3 715 7 [ 63 84 189 252 294 336 ] [ 0.60 0.96 1.07 0.99 1.36 1.00 0.76 ]
101 100 3 715 7 [ 21 126 147 168 336 378 ] [ 0.69 1.00 1.35 1.02 1.38 0.81 0.75 ]
101 102 3 572 7 [ 63 105 126 210 357 378 ] [ 0.78 0.72 1.28 0.96 1.39 0.80 0.68 ]
102 101 3 572 7 [ 21 63 105 168 273 294 ] [ 0.67 0.90 1.13 0.97 1.21 0.71 0.62 ]
102 103 10 2681 7 [ 21 42 168 189 273 399 ] [ 0.56 0.73 1.25 0.93 1.31 0.88 0.66 ]
103 102 10 2681 7 [ 42 126 189 294 315 357 ] [ 0.69 0.78 1.02 0.99 1.20 0.97 0.60 ]
103 104 5 1298 7 [ 42 84 105 168 210 252 ] [ 0.69 0.75 1.07 0.91 1.05 0.88 0.64 ]
104 103 5 1298 7 [ 63 126 147 231 378 399 ] [ 0.72 1.00 1.15 1.03 1.12 0.80 0.79 ]
104 105 6 1451 7 [ 42 63 189 210 336 399 ] [ 0.62 0.83 1.14 0.89 1.08 0.90 0.57 ]
105 104 6 1451 7 [ 21 84 105 210 231 357 ] [ 0.51 0.93 1.04 1.16 1.01 0.73 0.73 ]
104 106 4 982 7 [ 21 84 105 126 252 294 ] [ 0.80 0.76 1.37 0.88 1.10 0.86 0.60 ]
106 104 4 982 7 [ 105 126 231 252 315 336 ] [ 0.70 0.92 1.15 1.11 1.31 0.88 0.79 ]
106 107 3 497 7 [ 42 63 168 231 294 315 ] [ 0.62 0.83 1.14 1.08 1.08 0.74 0.76 ]
107 106 3 497 7 [ 63 84 126 252 357 399 ] [ 0.60 0.86 1.01 0.91 1.12 0.84 0.74 ]
107 105 3 630 7 [ 21 105 126 231 252 294 ] [ 0.55 0.79 1.17 1.19 1.02 0.73 0.60 ]
105 107 3 630 7 [ 84 189 252 315 336 399 ] [ 0.78 0.70 1.20 1.01 1.28 0.71 0.70 ]
107 108 5 1268 7 [ 63 189 252 294 357 378 ] [ 0.77 0.86 1.31 0.86 1.11 0.74 0.61 ]
108 107 5 1268 7 [ 84 168 210 231 315 399 ] [ 0.53 0.71 1.39 1.04 1.19 0.81 0.63 ]
106 108 5 1078 7 [ 84 147 168 210 231 357 ] [ 0.64 0.98 1.38 0.97 1.14 0.97 0.80 ]
108 106 5 1078 7 [ 84 147 168 210 294 336 ] [ 0.56 0.73 1.26 1.13 1.36 0.94 0.67 ]
108 109 7 1724 7 [ 105 210 231 294 378 399 ] [ 0.75 0.81 1.31 0.83 1.17 0.87 0.51 ]
109 108 7 1724 7 [ 21 105 147 273 294 315 ] [ 0.61 0.76 1.28 1.11 1.20 0.98 0.61 ]
101 110 2 436 7 [ 168 189 252 357 378 399 ] [ 0.70 0.85 1.19 0.88 1.01 0.82 0.52 ]
110 101 2 436 7 [ 147 231 315 336 357 399 ] [ 0.75 0.84 1.03 1.10 1.24 0.97 0.69 ]
110 102 2 212 7 [ 42 84 105 168 252 378 ] [ 0.76 0.90 1.03 0.88 1.28 0.81 0.57 ]
102 110 2 212 7 [ 21 231 252 294 378 399 ] [ 0.53 0.94 1.25 1.15 1.32 0.83 0.63 ]
100 111 12 3207 7 [ 21 105 231 252 273 357 ] [ 0.76 0.78 1.03 0.92 1.32 0.90 0.65 ]
111 100 12 3207 7 [ 42 126 189 210 231 336 ] [ 0.64 0.84 1.32 0.96 1.02 0.79 0.63 ]
111 112 3 580 7 [ 84 105 147 231 252 399 ] [ 0.68 0.89 1.29 0.98 1.33 1.00 0.72 ]
112 111 3 580 7 [ 84 126 252 273 315 336 ] [ 0.79 0.72 1.23 0.86 1.09 0.88 0.71 ]
112 113 5 1204 7 [ 21 42 63 84 231 378 ] [ 0.69 0.81 1.04 1.15 1.19 0.71 0.76 ]
113 112 5 1204 7 [ 42 63 126 210 252 399 ] [ 0.51 0.85 1.36 1.16 1.14 0.90 0.64 ]
110 113 8 2014 7 [ 63 126 189 231 273 294 ] [ 0.73 0.98 1.06 0.84 1.18 0.93 0.79 ]
113 110 8 2014 7 [ 42 105 210 294 357 378 ] [ 0.55 0.81 1.18 0.96 1.04 0.85 0.55 ]
103 113 12 3092 7 [ 63 105 294 315 357 399 ] [ 0.75 0.72 1.17 0.91 1.33 0.96 0.57 ]
113 103 12 3092 7 [ 63 126 147 252 294 336 ] [ 0.60 0.85 1.16 0.99 1.12 1.00 0.55 ]
112 114 9 2331 7 [ 126 168 189 210 252 294 ] [ 0.52 0.80 1.10 0.84 1.01 0.92 0.58 ]
114 112 9 2331 7 [ 21 168 189 231 294 315 ] [ 0.71 0.79 1.22 1.12 1.25 0.96 0.65 ]
98 111 10 2533 7 [ 84 168 210 231 315 336 ] [ 0.57 0.94 1.17 0.94 1.22 0.75 0.68 ]
111 98 10 2533 7 [ 21 84 105 231 273 315 ] [ 0.52 0.95 1.17 0.88 1.14 0.70 0.62 ]
114 98 8 1971 7 [ 42 105 210 273 294 399 ] [ 0.67 0.75 1.15 1.00 1.12 0.92 0.53 ]
98 114 8 1971 7 [ 42 63 147 273 294 378 ] [ 0.59 0.90 1.14 1.03 1.38 0.90 0.72 ]
114 115 2 304 7 [ 84 126 189 252 315 336 ] [ 0.76 0.99 1.23 0.94 1.33 0.93 0.65 ]
115 114 2 304 7 [ 63 84 189 231 252 315 ] [ 0.66 0.97 1.19 1.11 1.22 0.89 0.63 ]
115 116 18 4996 7 [ 21 42 63 105 147 231 ] [ 0.57 0.72 1.27 0.92 1.11 0.85 0.65 ]
116 115 18 4996 7 [ 42 63 84 126 252 399 ] [ 0.68 0.74 1.33 0.83 1.37 0.71 0.52 ]
105 117 5 1300 7 [ 147 231 252 273 336 357 ] [ 0.68 0.98 1.15 0.88 1.09 0.83 0.76 ]
117 105 5 1300 7 [ 21 42 63 84 378 399 ] [ 0.53 0.90 1.32 0.95 1.03 0.94 0.68 ]
116 117 9 2279 7 [ 63 84 189 210 315 336 ] [ 0.51 0.95 1.36 1.12 1.25 0.93 0.71 ]
117 116 9 2279 7 [ 126 147 189 294 315 336 ] [ 0.68 0.83 1.27 1.11 1.01 0.89 0.74 ]
117 118 14 3922 7 [ 147 168 189 210 315 378 ] [ 0.70 0.74 1.15 1.03 1.17 0.96 0.79 ]
118 117 14 3922 7 [ 42 63 84 168 336 378 ] [ 0.70 0.81 1.10 0.96 1.35 0.84 0.55 ]
116 118 3 691 7 [ 42 63 84 168 210 231 ] [ 0.68 0.93 1.37 1.15 1.38 0.75 0.55 ]
118 116 3 691 7 [ 21 105 126 210 231 273 ] [ 0.70 0.83 1.12 0.90 1.31 0.95 0.61 ]
118 119 25 7060 7 [ 21 105 231 294 315 378 ] [ 0.69 0.85 1.10 0.99 1.08 0.84 0.54 ]
119 118 25 7060 7 [ 21 42 252 315 357 399 ] [ 0.69 0.97 1.01 1.04 1.32 0.92 0.59 ]
116 120 12 3157 7 [ 84 168 273 294 315 336 ] [ 0.54 0.72 1.05 1.15 1.21 0.97 0.54 ]
120 116 12 3157 7 [ 84 126 147 231 252 399 ] [ 0.66 0.91 1.33 0.91 1.28 0.92 0.77 ]
120 121 10 2760 7 [ 42 105 168 252 294 399 ] [ 0.78 0.94 1.07 0.84 1.21 0.84 0.65 ]
121 120 10 2760 7 [ 42 273 294 336 357 378 ] [ 0.54 0.84 1.11 0.82 1.19 0.98 0.61 ]
121 122 4 843 7 [ 105 126 210 231 315 357 ] [ 0.63 0.88 1.00 0.98 1.17 0.71 0.55 ]
122 121 4 843 7 [ 63 168 189 210 315 399 ] [ 0.56 0.99 1.14 1.16 1.17 0.74 0.55 ]
115 122 16 4529 7 [ 21 42 147 168 252 315 ] [ 0.78 0.79 1.00 1.02 1.23 0.75 0.69 ]
122 115 16 4529 7 [ 63 84 168 189 336 378 ] [ 0.69 0.78 1.19 0.84 1.38 0.97 0.52 ]
121 123 4 910 7 [ 126 147 168 189 315 336 ] [ 0.67 0.95 1.03 0.93 1.13 0.94 0.54 ]
123 121 4 910 7 [ 21 105 252 294 315 378 ] [ 0.65 0.86 1.18 1.08 1.04 0.81 0.52 ]
122 123 3 542 7 [ 63 84 189 273 315 336 ] [ 0.68 0.89 1.13 0.85 1.16 0.72 0.62 ]
123 122 3 542 7 [ 63 84 210 252 294 315 ] [ 0.51 0.89 1.14 0.95 1.14 0.94 0.65 ]
123 124 6 1486 7 [ 63 126 147 189 210 357 ] [ 0.78 0.91 1.30 0.90 1.22 0.95 0.58 ]
124 123 6 1486 7 [ 21 84 147 168 189 357 ] [ 0.79 0.81 1.15 1.14 1.29 0.76 0.63 ]
124 125 3 490 7 [ 42 147 168 231 336 399 ] [ 0.75 0.88 1.08 1.00 1.19 0.89 0.67 ]
125 124 3 490 7 [ 126 168 252 273 294 378 ] [ 0.73 0.78 1.02 0.97 1.06 0.73 0.69 ]
125 126 7 1720 7 [ 105 126 168 189 210 399 ] [ 0.71 0.75 1.20 0.91 1.27 0.99 0.60 ]
126 125 7 1720 7 [ 105 147 231 252 294 315 ] [ 0.51 0.71 1.24 0.96 1.36 0.97 0.78 ]
97 126 13 3483 7 [ 42 84 126 147 189 399 ] [ 0.74 0.79 1.21 0.92 1.20 0.97 0.77 ]
126 97 13 3483 7 [ 84 105 126 147 168 315 ] [ 0.65 0.75 1.33 1.11 1.37 0.78 0.55 ]
126 127 4 904 7 [ 42 63 252 315 357 378 ] [ 0.54 0.84 1.25 0.88 1.15 0.74 0.58 ]
127 126 4 904 7 [ 105 147 189 210 378 399 ] [ 0.66 1.00 1.35 0.89 1.01 0.85 0.72 ]
127 128 2 304 7 [ 42 63 84 168 357 378 ] [ 0.56 0.73 1.36 0.85 1.38 0.97 0.58 ]
128 127 2 304 7 [ 147 189 231 252 336 378 ] [ 0.52 0.89 1.17 0.94 1.03 0.95 0.56 ]
128 129 3 708 7 [ 63 84 105 126 210 252 ] [ 0.69 0.96 1.25 1.09 1.35 0.81 0.65 ]
129 128 3 708 7 [ 63 105 126 210 231 294 ] [ 0.71 0.73 1.33 1.02 1.04 0.80 0.54 ]
129 130 9 2233 7 [ 42 105 126 231 336 378 ] [ 0.75 0.91 1.30 1.16 1.34 0.91 0.70 ]
130 129 9 2233 7 [ 42 63 105 273 315 378 ] [ 0.75 0.89 1.01 1.19 1.26 0.78 0.56 ]
130 99 3 506 7 [ 42 84 168 189 294 378 ] [ 0.53 0.92 1.28 0.96 1.16 0.99 0.62 ]
99 130 3 506 7 [ 105 126 210 252 294 336 ] [ 0.51 0.70 1.05 1.18 1.24 0.72 0.62 ]
131 99 3 572 7 [ 21 42 168 294 357 378 ] [ 0.72 0.75 1.34 0.84 1.04 0.70 0.74 ]
99 131 3 572 7 [ 21 63 147 168 273 336 ] [ 0.56 1.00 1.17 1.19 1.19 0.71 0.77 ]
131 130 2 305 7 [ 21 42 231 252 273 336 ] [ 0.65 0.82 1.07 0.89 1.10 0.99 0.80 ]
130 131 2 305 7 [ 63 84 105 231 252 294 ] [ 0.51 0.77 1.08 0.94 1.21 0.74 0.62 ]
131 132 8 2066 7 [ 126 168 210 252 357 399 ] [ 0.74 0.95 1.01 0.90 1.23 0.74 0.78 ]
132 131 8 2066 7 [ 21 210 231 273 336 399 ] [ 0.61 0.97 1.07 0.81 1.29 0.81 0.59 ]
132 133 2 272 7 [ 21 147 168 252 294 357 ] [ 0.80 0.95 1.04 0.94 1.09 0.79 0.70 ]
133 132 2 272 7 [ 84 126 147 231 294 315 ] [ 0.77 0.92 1.18 1.13 1.09 0.85 0.65 ]
132 134 6 1588 7 [ 42 126 210 252 336 357 ] [ 0.73 0.95 1.22 0.95 1.18 0.94 0.65 ]
134 132 6 1588 7 [ 21 42 84 126 315 357 ] [ 0.62 0.85 1.28 1.18 1.25 0.85 0.58 ]
134 135 7 1753 7 [ 42 63 147 168 189 315 ] [ 0.64 0.73 1.02 1.05 1.37 0.89 0.69 ]
135 134 7 1753 7 [ 84 105 210 231 252 315 ] [ 0.79 0.88 1.04 1.18 1.08 0.76 0.72 ]
135 136 6 1378 7 [ 42 84 105 210 273 315 ] [ 0.55 0.89 1.36 0.81 1.31 0.95 0.54 ]
136 135 6 1378 7 [ 21 63 105 168 294 378 ] [ 0.76 0.83 1.13 1.18 1.08 0.96 0.74 ]
136 129 3 547 7 [ 21 63 147 210 273 336 ] [ 0.79 0.89 1.13 1.20 1.04 0.75 0.55 ]
129 136 3 547 7 [ 21 168 189 231 273 399 ] [ 0.76 0.97 1.38 1.09 1.12 0.81 0.65 ]
136 137 2 224 7 [ 21 63 126 168 189 252 ] [ 0.53 0.89 1.09 0.97 1.00 0.86 0.68 ]
137 136 2 224 7 [ 21 63 84 126 231 336 ] [ 0.63 0.99 1.33 1.19 1.21 0.86 0.74 ]
137 138 2 251 7 [ 63 126 147 189 336 378 ] [ 0.59 1.00 1.17 1.18 1.07 0.95 0.64 ]
138 137 2 251 7 [ 84 210 231 273 294 378 ] [ 0.72 0.72 1.27 1.06 1.40 0.72 0.56 ]
137 128 2 424 7 [ 147 168 189 231 294 336 ] [ 0.55 0.86 1.07 1.06 1.23 0.79 0.51 ]
128 137 2 424 7 [ 42 126 231 357 378 399 ] [ 0.76 0.92 1.12 0.92 1.37 0.74 0.57 ]
138 127 3 589 7 [ 21 42 252 294 315 378 ] [ 0.65 0.99 1.30 0.96 1.12 0.80 0.54 ]
127 138 3 589 7 [ 126 168 210 252 273 336 ] [ 0.67 0.87 1.15 1.09 1.16 0.99 0.54 ]
138 139 4 772 7 [ 21 105 126 168 252 378 ] [ 0.66 0.81 1.31 0.93 1.26 0.71 0.55 ]
139 138 4 772 7 [ 21 126 189 252 294 357 ] [ 0.73 0.98 1.20 1.09 1.29 0.91 0.64 ]
139 140 5 1138 7 [ 21 231 273 294 378 399 ] [ 0.70 0.88 1.33 0.99 1.29 0.84 0.75 ]
140 139 5 1138 7 [ 168 189 273 294 378 399 ] [ 0.68 0.91 1.39 0.85 1.24 0.93 0.54 ]
139 141 2 394 7 [ 63 84 252 336 378 399 ] [ 0.76 0.94 1.29 1.08 1.15 0.73 0.56 ]
141 139 2 394 7 [ 21 42 84 189 231 357 ] [ 0.66 0.82 1.36 0.92 1.34 0.87 0.53 ]
140 141 5 1308 7 [ 63 84 147 294 357 378 ] [ 0.51 0.92 1.29 0.81 1.07 0.80 0.68 ]
141 140 5 1308 7 [ 168 189 210 273 378 399 ] [ 0.75 0.83 1.04 1.08 1.38 0.96 0.58 ]
141 142 34 9647 7 [ 21 126 189 336 357 378 ] [ 0.70 0.97 1.38 1.03 1.04 0.86 0.56 ]
142 141 34 9647 7 [ 21 210 231 273 294 357 ] [ 0.61 0.89 1.09 0.85 1.10 0.72 0.77 ]
142 143 10 2703 7 [ 84 189 273 315 357 378 ] [ 0.71 0.88 1.22 0.94 1.24 0.74 0.79 ]
143 142 10 2703 7 [ 63 189 231 273 315 378 ] [ 0.68 0.90 1.17 1.00 1.04 0.83 0.74 ]
142 144 6 1451 7 [ 252 315 336 357 378 399 ] [ 0.74 0.80 1.11 1.09 1.09 0.94 0.61 ]
144 142 6 1451 7 [ 63 84 126 273 315 336 ] [ 0.66 0.86 1.15 0.99 1.36 1.00 0.72 ]
144 145 12 3385 7 [ 63 147 168 336 357 378 ] [ 0.54 0.89 1.23 0.84 1.32 0.86 0.62 ]
145 144 12 3385 7 [ 42 84 126 252 336 378 ] [ 0.69 0.76 1.23 1.06 1.33 0.96 0.79 ]
135 145 3 604 7 [ 21 84 147 189 231 336 ] [ 0.67 0.96 1.06 0.81 1.27 0.72 0.78 ]
145 135 3 604 7 [ 21 42 147 168 315 399 ] [ 0.75 0.75 1.08 1.15 1.30 0.82 0.62 ]
145 146 7 1812 7 [ 21 84 189 231 378 399 ] [ 0.52 0.84 1.01 0.96 1.35 0.98 0.70 ]
146 145 7 1812 7 [ 21 63 231 273 336 357 ] [ 0.69 0.76 1.23 0.87 1.34 0.72 0.56 ]
134 146 6 1406 7 [ 21 105 126 210 252 336 ] [ 0.50 0.85 1.02 1.09 1.10 0.99 0.77 ]
146 134 6 1406 7 [ 21 42 84 105 189 336 ] [ 0.68 0.88 1.29 1.20 1.00 0.73 0.71 ]
146 147 6 1533 7 [ 126 168 210 252 315 357 ] [ 0.76 0.71 1.02 0.93 1.08 0.77 0.74 ]
147 146 6 1533 7 [ 21 42 63 84 189 315 ] [ 0.62 0.82 1.37 0.91 1.37 0.76 0.73 ]
147 148 3 697 7 [ 21 63 210 273 357 378 ] [ 0.56 0.92 1.35 0.98 1.07 0.75 0.63 ]
148 147 3 697 7 [ 21 42 147 168 189 357 ] [ 0.52 0.71 1.04 1.12 1.13 0.80 0.69 ]
144 147 4 796 7 [ 21 84 168 189 294 315 ] [ 0.69 0.88 1.25 1.08 1.23 0.80 0.62 ]
147 144 4 796 7 [ 63 273 294 315 336 399 ] [ 0.64 0.99 1.26 1.11 1.28 0.88 0.78 ]
140 149 3 547 7 [ 42 168 231 252 336 399 ] [ 0.67 0.96 1.33 0.83 1.09 0.91 0.74 ]
149 140 3 547 7 [ 63 126 210 231 273 357 ] [ 0.56 0.88 1.25 0.81 1.34 0.91 0.69 ]
149 125 4 842 7 [ 84 105 147 210 273 315 ] [ 0.51 0.78 1.05 1.05 1.25 0.74 0.79 ]
125 149 4 842 7 [ 42 210 231 294 315 399 ] [ 0.57 0.93 1.09 1.04 1.18 0.99 0.55 ]
149 124 4 881 7 [ 21 105 231 273 315 399 ] [ 0.71 0.92 1.10 1.02 1.33 0.75 0.67 ]
124 149 4 881 7 [ 21 84 105 210 273 315 ] [ 0.58 0.97 1.15 0.97 1.29 0.71 0.80 ]
149 150 2 364 7 [ 63 126 210 231 273 357 ] [ 0.64 0.76 1.23 0.99 1.16 0.99 0.67 ]
150 149 2 364 7 [ 84 189 210 294 315 378 ] [ 0.55 0.95 1.17 1.06 1.04 0.83 0.72 ]
254 149 3 477 7 [ 21 84 210 231 336 378 ] [ 0.56 0.73 1.07 0.82 1.32 0.83 0.59 ]
149 254 3 477 7 [ 42 105 126 294 336 378 ] [ 0.69 0.73 1.31 0.96 1.00 0.97 0.63 ]
150 151 3 736 7 [ 21 126 168 315 357 378 ] [ 0.65 0.78 1.36 0.83 1.21 0.76 0.68 ]
151 150 3 736 7 [ 105 294 315 357 378 399 ] [ 0.63 0.96 1.19 0.99 1.02 0.74 0.58 ]
151 124 4 971 7 [ 84 189 231 273 315 378 ] [ 0.63 0.76 1.14 1.13 1.05 0.76 0.75 ]
124 151 4 971 7 [ 21 147 210 231 252 273 ] [ 0.56 0.84 1.34 0.83 1.00 0.94 0.67 ]
150 152 5 1253 7 [ 189 210 231 252 357 378 ] [ 0.65 0.98 1.34 0.94 1.15 0.87 0.58 ]
152 150 5 1253 7 [ 63 84 168 210 315 378 ] [ 0.60 0.99 1.22 1.19 1.01 0.97 0.53 ]
151 152 3 636 7 [ 21 42 105 273 315 399 ] [ 0.67 0.94 1.08 1.04 1.16 0.76 0.76 ]
152 151 3 636 7 [ 63 168 189 231 252 399 ] [ 0.62 0.95 1.22 1.18 1.27 0.97 0.68 ]
152 153 3 500 7 [ 42 84 126 147 189 315 ] [ 0.71 0.86 1.32 1.00 1.01 0.84 0.59 ]
153 152 3 500 7 [ 21 42 84 189 357 378 ] [ 0.54 0.83 1.34 1.18 1.31 0.90 0.75 ]
151 154 9 2376 7 [ 21 63 84 105 315 378 ] [ 0.57 0.70 1.38 0.86 1.38 0.81 0.80 ]
154 151 9 2376 7 [ 84 147 168 252 315 378 ] [ 0.75 0.83 1.17 0.89 1.37 0.72 0.63 ]
120 154 16 4308 7 [ 42 147 189 231 252 294 ] [ 0.54 0.85 1.03 0.86 1.35 0.99 0.64 ]
154 120 16 4308 7 [ 42 63 189 273 294 399 ] [ 0.70 0.77 1.29 0.98 1.03 0.74 0.58 ]
154 155 8 2120 7 [ 21 42 105 189 357 378 ] [ 0.58 0.77 1.22 1.05 1.13 0.75 0.61 ]
155 154 8 2120 7 [ 147 189 252 294 336 357 ] [ 0.73 0.82 1.25 0.98 1.32 0.80 0.63 ]
155 156 5 1295 7 [ 42 84 147 273 357 378 ] [ 0.69 0.84 1.07 0.83 1.04 0.92 0.67 ]
156 155 5 1295 7 [ 42 84 126 168 210 399 ] [ 0.55 0.91 1.37 0.93 1.28 0.96 0.76 ]
153 156 12 3174 7 [ 42 105 189 210 294 357 ] [ 0.68 0.88 1.26 0.90 1.35 0.96 0.52 ]
156 153 12 3174 7 [ 63 126 168 231 273 315 ] [ 0.59 0.90 1.19 1.09 1.06 0.81 0.65 ]
153 157 7 1764 7 [ 42 147 189 231 294 315 ] [ 0.52 0.73 1.26 0.90 1.29 0.75 0.70 ]
157 153 7 1764 7 [ 105 231 273 294 336 378 ] [ 0.69 0.75 1.31 1.10 1.14 0.73 0.64 ]
157 158 2 334 7 [ 21 126 168 252 336 378 ] [ 0.58 0.81 1.35 0.93 1.33 0.71 0.72 ]
158 157 2 334 7 [ 63 147 168 189 294 336 ] [ 0.71 0.89 1.33 0.98 1.20 0.70 0.66 ]
157 159 7 1652 7 [ 21 84 126 315 357 378 ] [ 0.67 0.78 1.01 1.09 1.34 0.94 0.60 ]
159 157 7 1652 7 [ 42 84 105 231 273 336 ] [ 0.60 0.99 1.20 1.17 1.07 0.98 0.62 ]
158 159 5 1090 7 [ 105 147 273 294 315 399 ] [ 0.73 0.93 1.38 1.12 1.31 0.91 0.67 ]
159 158 5 1090 7 [ 21 84 168 210 252 273 ] [ 0.73 0.75 1.17 0.84 1.07 0.94 0.53 ]
158 160 19 5318 7 [ 21 63 189 315 336 399 ] [ 0.63 0.76 1.26 1.12 1.33 0.82 0.63 ]
160 158 19 5318 7 [ 63 105 210 252 357 378 ] [ 0.71 0.99 1.06 0.81 1.07 0.96 0.53 ]
155 161 8 1937 7 [ 63 189 231 294 357 399 ] [ 0.51 0.93 1.33 0.84 1.30 0.99 0.77 ]
161 155 8 1937 7 [ 21 126 168 315 357 399 ] [ 0.70 0.87 1.18 1.07 1.07 0.83 0.64 ]
161 119 3 528 7 [ 63 105 168 336 357 399 ] [ 0.58 0.96 1.31 0.85 1.13 0.70 0.68 ]
119 161 3 528 7 [ 21 42 63 168 294 357 ] [ 0.66 0.87 1.12 1.09 1.26 0.97 0.58 ]
161 162 9 2444 7 [ 84 105 231 273 294 357 ] [ 0.65 0.88 1.35 1.06 1.20 0.76 0.78 ]
162 161 9 2444 7 [ 42 84 105 210 252 378 ] [ 0.62 0.80 1.33 1.04 1.00 0.89 0.64 ]
156 162 8 2208 7 [ 21 42 147 189 273 378 ] [ 0.64 0.92 1.28 0.81 1.21 0.98 0.78 ]
162 156 8 2208 7 [ 42 105 147 252 294 315 ] [ 0.65 0.78 1.31 0.85 1.03 0.84 0.67 ]
156 160 15 4163 7 [ 105 168 189 252 315 357 ] [ 0.66 0.90 1.03 1.05 1.24 0.78 0.78 ]
160 156 15 4163 7 [ 42 147 252 357 378 399 ] [ 0.71 0.78 1.14 1.14 1.10 0.84 0.74 ]
160 163 3 650 7 [ 21 147 210 294 315 336 ] [ 0.69 0.86 1.13 1.00 1.22 0.82 0.54 ]
163 160 3 650 7 [ 84 105 126 273 378 399 ] [ 0.69 0.83 1.36 1.02 1.29 0.90 0.77 ]
163 164 4 783 7 [ 63 126 189 336 357 378 ] [ 0.52 0.92 1.32 1.14 1.04 0.90 0.74 ]
164 163 4 783 7 [ 42 147 189 231 273 378 ] [ 0.72 0.72 1.09 1.19 1.32 0.89 0.56 ]
160 164 3 567 7 [ 42 63 105 294 357 399 ] [ 0.70 0.96 1.21 0.97 1.14 0.94 0.61 ]
164 160 3 567 7 [ 126 147 168 189 252 294 ] [ 0.61 0.74 1.24 1.02 1.38 0.89 0.50 ]
164 165 5 1114 7 [ 42 189 273 294 336 378 ] [ 0.66 0.89 1.34 0.81 1.10 0.88 0.72 ]
165 164 5 1114 7 [ 126 189 231 273 294 336 ] [ 0.71 0.98 1.30 0.96 1.22 0.87 0.72 ]
165 166 5 1191 7 [ 105 126 147 168 210 399 ] [ 0.70 0.88 1.03 0.92 1.32 0.82 0.59 ]
166 165 5 1191 7 [ 168 210 294 315 336 357 ] [ 0.69 0.99 1.25 0.86 1.01 0.81 0.60 ]
166 162 3 638 7 [ 21 147 189 210 378 399 ] [ 0.51 0.84 1.04 1.10 1.26 0.80 0.76 ]
162 166 3 638 7 [ 21 63 105 126 210 336 ] [ 0.72 0.92 1.30 1.01 1.33 0.94 0.52 ]
166 167 4 906 7 [ 21 105 126 189 357 378 ] [ 0.50 0.90 1.14 0.85 1.31 0.72 0.62 ]
167 166 4 906 7 [ 63 84 126 273 336 378 ] [ 0.59 0.90 1.39 1.07 1.30 0.90 0.57 ]
162 167 6 1474 7 [ 21 84 168 231 252 378 ] [ 0.78 0.93 1.26 1.08 1.02 0.77 0.65 ]
167 162 6 1474 7 [ 63 126 189 252 315 357 ] [ 0.69 0.95 1.19 1.00 1.16 0.71 0.52 ]
163 168 23 6561 7 [ 21 84 105 210 315 399 ] [ 0.65 0.95 1.39 0.91 1.04 0.99 0.69 ]
168 163 23 6561 7 [ 21 42 105 210 231 378 ] [ 0.53 0.71 1.08 1.15 1.11 0.95 0.56 ]
119 169 13 3454 7 [ 21 84 189 315 336 357 ] [ 0.56 0.95 1.06 1.11 1.35 0.74 0.54 ]
169 119 13 3454 7 [ 84 105 147 210 252 399 ] [ 0.69 0.84 1.14 1.19 1.04 0.76 0.51 ]
169 170 4 971 7 [ 42 63 210 294 315 357 ] [ 0.72 0.90 1.29 0.89 1.05 0.86 0.58 ]
170 169 4 971 7 [ 84 105 294 315 336 399 ] [ 0.67 0.75 1.00 0.95 1.03 0.89 0.64 ]
170 171 4 886 7 [ 105 147 273 294 315 399 ] [ 0.66 0.79 1.39 0.87 1.05 0.81 0.71 ]
171 170 4 886 7 [ 21 63 189 273 315 378 ] [ 0.80 0.89 1.01 1.04 1.33 0.90 0.55 ]
171 172 2 430 7 [ 21 42 84 168 252 273 ] [ 0.72 0.86 1.21 1.07 1.15 0.79 0.63 ]
172 171 2 430 7 [ 21 105 126 189 210 315 ] [ 0.54 0.70 1.39 0.85 1.18 0.94 0.67 ]
170 254 5 1041 7 [ 84 126 189 210 273 336 ] [ 0.52 0.98 1.36 1.11 1.36 0.91 0.76 ]
254 170 5 1041 7 [ 63 105 126 147 168 357 ] [ 0.65 0.88 1.17 0.81 1.02 0.93 0.79 ]
169 173 17 4804 7 [ 42 168 210 273 357 399 ] [ 0.60 0.71 1.08 1.16 1.22 0.95 0.74 ]
173 169 17 4804 7 [ 21 42 231 252 315 399 ] [ 0.63 0.71 1.09 0.99 1.09 0.95 0.55 ]
165 174 3 696 7 [ 21 105 147 336 357 378 ] [ 0.53 0.93 1.29 1.20 1.38 0.96 0.73 ]
174 165 3 696 7 [ 42 63 210 294 336 399 ] [ 0.77 0.70 1.23 1.06 1.01 0.77 0.67 ]
174 175 4 859 7 [ 168 210 252 273 294 357 ] [ 0.78 0.76 1.40 0.82 1.26 0.71 0.76 ]
175 174 4 859 7 [ 84 126 147 252 315 357 ] [ 0.52 0.87 1.30 0.93 1.34 0.83 0.59 ]
167 175 2 271 7 [ 63 84 168 273 315 399 ] [ 0.61 0.82 1.17 1.12 1.33 0.86 0.57 ]
175 167 2 271 7 [ 42 84 147 252 336 378 ] [ 0.52 0.93 1.18 0.83 1.30 0.74 0.72 ]
175 176 5 1324 7 [ 21 63 147 189 252 399 ] [ 0.66 0.89 1.14 1.01 1.27 0.79 0.68 ]
176 175 5 1324 7 [ 63 189 210 336 357 378 ] [ 0.67 0.73 1.21 0.99 1.07 0.84 0.71 ]
176 174 6 1596 7 [ 21 42 210 273 336 399 ] [ 0.56 0.74 1.28 1.16 1.33 0.97 0.64 ]
174 176 6 1596 7 [ 63 105 168 189 210 252 ] [ 0.68 0.76 1.25 0.89 1.23 0.81 0.65 ]
165 177 13 3419 7 [ 21 63 168 189 294 357 ] [ 0.63 0.98 1.35 0.86 1.38 0.98 0.76 ]
177 165 13 3419 7 [ 21 126 231 315 357 378 ] [ 0.56 0.71 1.20 0.98 1.31 0.73 0.62 ]
177 178 8 1982 7 [ 42 63 189 210 336 399 ] [ 0.57 0.72 1.05 1.12 1.08 0.98 0.65 ]
178 177 8 1982 7 [ 63 105 147 168 210 231 ] [ 0.55 0.78 1.10 1.17 1.39 0.76 0.61 ]
178 179 8 2073 7 [ 42 63 84 105 273 378 ] [ 0.51 0.77 1.09 1.03 1.31 0.99 0.76 ]
179 178 8 2073 7 [ 168 231 252 294 357 399 ] [ 0.61 0.93 1.16 1.09 1.01 0.75 0.64 ]
179 176 6 1362 7 [ 42 63 147 189 273 378 ] [ 0.62 0.83 1.09 0.96 1.21 0.83 0.53 ]
176 179 6 1362 7 [ 84 105 126 147 189 315 ] [ 0.60 0.75 1.12 1.08 1.38 0.91 0.52 ]
179 180 4 957 7 [ 42 84 189 210 231 315 ] [ 0.59 0.78 1.12 0.94 1.22 1.00 0.51 ]
180 179 4 957 7 [ 84 105 126 147 231 357 ] [ 0.74 0.84 1.16 1.10 1.01 0.72 0.53 ]
176 180 8 2086 7 [ 84 189 210 294 357 378 ] [ 0.56 0.94 1.15 1.03 1.01 0.75 0.72 ]
180 176 8 2086 7 [ 42 84 189 315 336 378 ] [ 0.57 0.95 1.24 0.97 1.05 0.85 0.68 ]
180 181 4 748 7 [ 42 189 273 315 378 399 ] [ 0.74 0.83 1.22 1.11 1.20 0.80 0.65 ]
181 180 4 748 7 [ 84 126 231 252 273 294 ] [ 0.74 0.79 1.00 0.85 1.37 0.72 0.54 ]
181 173 5 1231 7 [ 126 168 252 336 378 399 ] [ 0.71 0.90 1.15 0.87 1.08 0.99 0.75 ]
173 181 5 1231 7 [ 84 168 189 210 231 399 ] [ 0.59 0.97 1.18 0.96 1.21 0.94 0.78 ]
182 178 5 1316 7 [ 42 84 168 189 210 399 ] [ 0.79 0.70 1.35 0.98 1.19 0.79 0.62 ]
178 182 5 1316 7 [ 42 105 168 231 273 399 ] [ 0.72 0.90 1.24 0.82 1.08 0.86 0.79 ]
178 183 7 1731 7 [ 21 42 126 147 252 315 ] [ 0.59 0.98 1.33 1.10 1.24 0.77 0.77 ]
183 178 7 1731 7 [ 105 126 231 273 315 357 ] [ 0.66 0.85 1.04 1.01 1.29 0.70 0.61 ]
177 184 9 2259 7 [ 105 231 252 294 336 399 ] [ 0.79 0.85 1.23 0.95 1.19 0.79 0.51 ]
184 177 9 2259 7 [ 42 147 168 189 378 399 ] [ 0.75 0.93 1.24 0.96 1.23 0.97 0.79 ]
184 185 12 3109 7 [ 126 168 210 294 315 357 ] [ 0.55 0.96 1.04 0.99 1.21 0.99 0.57 ]
185 184 12 3109 7 [ 84 105 168 189 210 231 ] [ 0.70 0.71 1.31 1.03 1.06 0.74 0.59 ]
185 186 5 1269 7 [ 105 210 252 273 294 357 ] [ 0.63 0.70 1.06 1.16 1.20 0.81 0.55 ]
186 185 5 1269 7 [ 21 42 126 147 231 378 ] [ 0.61 0.76 1.05 1.15 1.07 0.89 0.58 ]
186 187 12 3112 7 [ 42 84 126 189 210 294 ] [ 0.56 0.88 1.39 1.13 1.09 0.87 0.61 ]
187 186 12 3112 7 [ 42 105 210 231 252 336 ] [ 0.55 0.83 1.05 0.88 1.16 0.89 0.71 ]
189 193 12 3251 7 [ 42 105 189 231 315 399 ] [ 0.72 0.73 1.38 1.03 1.35 0.96 0.74 ]
193 189 12 3251 7 [ 21 84 126 252 336 378 ] [ 0.55 0.76 1.12 0.92 1.24 0.93 0.76 ]
193 194 2 376 7 [ 21 105 126 210 273 336 ] [ 0.62 0.75 1.22 0.87 1.38 0.73 0.70 ]
194 193 2 376 7 [ 42 63 105 126 189 336 ] [ 0.55 0.88 1.03 0.94 1.11 0.98 0.70 ]
194 195 2 292 7 [ 42 168 231 273 315 336 ] [ 0.59 0.95 1.23 0.94 1.33 0.79 0.61 ]
195 194 2 292 7 [ 21 189 252 315 378 399 ] [ 0.62 0.74 1.10 0.95 1.04 0.97 0.68 ]
194 196 2 301 7 [ 63 105 126 168 273 294 ] [ 0.53 0.79 1.29 0.82 1.16 0.72 0.75 ]
196 194 2 301 7 [ 63 126 168 273 315 399 ] [ 0.58 0.91 1.37 0.89 1.18 0.99 0.53 ]
185 196 12 3261 7 [ 21 42 84 105 231 294 ] [ 0.56 0.73 1.16 1.07 1.04 0.82 0.68 ]
196 185 12 3261 7 [ 84 168 252 315 336 399 ] [ 0.52 0.79 1.24 1.11 1.15 0.93 0.64 ]
196 197 2 309 7 [ 42 63 126 168 315 378 ] [ 0.54 0.74 1.29 1.08 1.28 0.99 0.58 ]
197 196 2 309 7 [ 21 105 189 252 294 378 ] [ 0.71 0.82 1.16 0.89 1.30 0.80 0.71 ]
195 197 2 206 7 [ 21 105 147 189 273 378 ] [ 0.59 0.90 1.16 0.99 1.02 0.74 0.71 ]
197 195 2 206 7 [ 126 168 189 252 315 336 ] [ 0.55 0.92 1.34 1.13 1.03 0.98 0.52 ]
197 198 12 3240 7 [ 105 147 210 231 294 315 ] [ 0.78 0.88 1.17 0.84 1.32 0.77 0.57 ]
198 197 12 3240 7 [ 42 84 189 210 252 273 ] [ 0.69 0.77 1.06 0.97 1.30 0.88 0.76 ]
195 198 11 3076 7 [ 147 294 315 336 378 399 ] [ 0.73 0.97 1.39 0.89 1.04 0.96 0.65 ]
198 195 11 3076 7 [ 21 42 147 273 315 336 ] [ 0.75 0.94 1.02 0.92 1.34 0.94 0.50 ]
198 199 10 2518 7 [ 21 63 84 294 357 378 ] [ 0.67 0.98 1.20 1.07 1.39 0.84 0.78 ]
199 198 10 2518 7 [ 105 126 147 168 336 357 ] [ 0.68 0.93 1.14 0.85 1.35 0.80 0.57 ]
199 200 4 950 7 [ 84 105 189 231 336 378 ] [ 0.70 0.83 1.29 1.05 1.13 0.79 0.80 ]
200 199 4 950 7 [ 42 84 105 273 336 378 ] [ 0.65 0.95 1.15 1.05 1.28 0.89 0.74 ]
199 201 4 937 7 [ 105 189 273 315 336 357 ] [ 0.56 0.76 1.17 0.87 1.25 0.91 0.79 ]
201 199 4 937 7 [ 21 84 231 252 273 399 ] [ 0.69 0.78 1.22 1.02 1.11 0.73 0.74 ]
200 201 2 402 7 [ 42 105 210 357 378 399 ] [ 0.57 0.80 1.11 0.97 1.32 0.98 0.51 ]
201 200 2 402 7 [ 21 210 294 357 378 399 ] [ 0.62 0.94 1.19 0.95 1.16 0.84 0.62 ]
201 202 6 1544 7 [ 42 147 168 231 252 399 ] [ 0.69 0.95 1.39 1.15 1.33 0.85 0.58 ]
202 201 6 1544 7 [ 42 84 189 252 273 336 ] [ 0.61 0.77 1.28 1.05 1.03 0.87 0.62 ]
202 203 10 2782 7 [ 189 210 231 252 336 378 ] [ 0.79 0.70 1.01 1.05 1.39 0.81 0.78 ]
203 202 10 2782 7 [ 63 105 147 252 273 399 ] [ 0.65 0.96 1.26 0.90 1.03 0.72 0.80 ]
202 250 19 5204 7 [ 63 84 105 126 189 399 ] [ 0.54 0.76 1.14 0.82 1.21 0.80 0.57 ]
250 202 19 5204 7 [ 105 189 210 315 336 357 ] [ 0.54 0.99 1.08 1.07 1.03 0.87 0.59 ]
251 203 6 1611 7 [ 105 168 189 315 336 378 ] [ 0.67 1.00 1.40 1.02 1.13 0.81 0.71 ]
203 251 6 1611 7 [ 84 105 210 231 252 357 ] [ 0.79 0.80 1.05 1.18 1.38 0.93 0.78 ]
203 204 9 2263 7 [ 147 189 252 315 336 378 ] [ 0.66 0.82 1.36 0.84 1.16 0.98 0.61 ]
204 203 9 2263 7 [ 42 84 105 126 189 273 ] [ 0.67 0.88 1.25 0.90 1.08 0.89 0.55 ]
200 205 4 883 7 [ 42 63 147 210 231 336 ] [ 0.69 0.74 1.29 1.18 1.29 0.92 0.67 ]
205 200 4 883 7 [ 126 168 210 231 252 378 ] [ 0.72 0.99 1.36 1.10 1.09 0.84 0.56 ]
205 204 9 2489 7 [ 21 42 105 147 357 378 ] [ 0.58 0.76 1.35 1.18 1.11 0.91 0.73 ]
204 205 9 2489 7 [ 21 42 63 189 294 336 ] [ 0.70 0.99 1.22 0.92 1.07 0.76 0.63 ]
204 206 7 1895 7 [ 21 63 105 189 252 399 ] [ 0.55 0.70 1.37 0.81 1.20 0.92 0.59 ]
206 204 7 1895 7 [ 21 42 84 105 147 357 ] [ 0.76 0.99 1.04 1.18 1.32 0.87 0.58 ]
206 207 11 2848 7 [ 42 63 84 252 294 378 ] [ 0.57 0.84 1.24 1.00 1.23 0.85 0.79 ]
207 206 11 2848 7 [ 21 42 105 126 189 252 ] [ 0.71 0.74 1.25 1.10 1.17 0.90 0.76 ]
208 209 6 1518 7 [ 21 63 126 231 357 399 ] [ 0.69 0.94 1.15 1.03 1.06 0.71 0.67 ]
209 208 6 1518 7 [ 42 168 294 336 357 378 ] [ 0.61 0.98 1.07 0.85 1.17 0.85 0.79 ]
209 210 2 364 7 [ 21 105 168 273 315 399 ] [ 0.61 0.79 1.19 1.11 1.30 0.73 0.63 ]
210 209 2 364 7 [ 21 126 231 294 336 378 ] [ 0.79 0.76 1.30 0.99 1.03 0.84 0.55 ]
209 211 17 4722 7 [ 84 168 189 210 336 399 ] [ 0.60 0.73 1.37 0.93 1.17 0.98 0.79 ]
211 209 17 4722 7 [ 42 84 126 147 252 399 ] [ 0.51 0.98 1.07 0.82 1.23 0.77 0.67 ]
206 211 20 5738 7 [ 84 105 147 189 315 399 ] [ 0.64 0.86 1.36 1.03 1.38 0.95 0.59 ]
211 206 20 5738 7 [ 126 147 210 252 273 357 ] [ 0.51 0.93 1.36 1.04 1.22 0.84 0.51 ]
205 212 7 1700 7 [ 21 63 105 126 189 399 ] [ 0.71 0.85 1.07 0.99 1.06 0.72 0.64 ]
212 205 7 1700 7 [ 21 42 84 315 336 357 ] [ 0.56 0.78 1.07 1.18 1.30 0.80 0.53 ]
212 213 5 1250 7 [ 105 126 147 210 294 399 ] [ 0.57 0.70 1.27 1.01 1.04 0.95 0.66 ]
213 212 5 1250 7 [ 63 168 210 252 294 315 ] [ 0.50 0.99 1.28 0.86 1.29 0.79 0.53 ]
212 214 6 1561 7 [ 105 168 189 315 357 378 ] [ 0.68 0.83 1.24 1.15 1.23 0.84 0.73 ]
214 212 6 1561 7 [ 21 42 168 294 336 399 ] [ 0.77 0.81 1.07 0.93 1.02 0.75 0.71 ]
213 214 5 1265 7 [ 21 42 147 273 294 399 ] [ 0.74 0.94 1.15 1.14 1.36 0.99 0.54 ]
214 213 5 1265 7 [ 168 231 273 315 378 399 ] [ 0.52 0.92 1.31 1.07 1.09 0.78 0.65 ]
213 215 23 6400 7 [ 84 189 252 315 357 378 ] [ 0.60 0.98 1.27 0.97 1.27 0.89 0.61 ]
215 213 23 6400 7 [ 84 126 189 252 294 357 ] [ 0.70 0.76 1.34 0.92 1.21 0.77 0.57 ]
215 216 9 2285 7 [ 42 105 147 189 252 357 ] [ 0.55 0.86 1.39 1.00 1.11 0.91 0.59 ]
216 215 9 2285 7 [ 21 63 126 210 231 273 ] [ 0.75 0.82 1.08 1.03 1.26 0.99 0.63 ]
217 218 7 1659 7 [ 21 63 231 252 294 315 ] [ 0.75 0.95 1.19 0.84 1.40 0.85 0.73 ]
218 217 7 1659 7 [ 42 168 231 315 378 399 ] [ 0.65 0.87 1.24 1.15 1.01 0.74 0.67 ]
218 219 5 1320 7 [ 42 105 126 147 210 336 ] [ 0.61 0.77 1.21 1.08 1.01 0.87 0.59 ]
219 218 5 1320 7 [ 189 210 231 273 357 399 ] [ 0.71 0.88 1.37 1.07 1.09 0.76 0.57 ]
218 215 6 1346 7 [ 21 84 147 273 294 357 ] [ 0.56 0.77 1.05 1.18 1.11 0.83 0.64 ]
215 218 6 1346 7 [ 42 147 189 252 273 357 ] [ 0.60 0.72 1.30 1.01 1.07 0.97 0.79 ]
214 220 17 4667 7 [ 42 84 126 147 189 399 ] [ 0.70 0.89 1.20 0.90 1.21 0.97 0.74 ]
220 214 17 4667 7 [ 84 147 168 231 294 336 ] [ 0.56 0.78 1.26 0.83 1.27 0.72 0.54 ]
223 224 3 545 7 [ 126 210 252 336 357 378 ] [ 0.65 0.81 1.21 0.85 1.26 0.72 0.71 ]
224 223 3 545 7 [ 63 105 126 210 231 399 ] [ 0.70 0.79 1.16 1.19 1.20 0.73 0.55 ]
223 225 4 745 7 [ 21 147 189 210 315 399 ] [ 0.79 0.98 1.16 1.19 1.05 0.96 0.56 ]
225 223 4 745 7 [ 126 189 231 252 336 378 ] [ 0.63 0.93 1.06 0.89 1.18 0.76 0.57 ]
222 224 5 1070 7 [ 105 126 168 210 294 336 ] [ 0.78 0.76 1.04 1.10 1.34 0.70 0.71 ]
224 222 5 1070 7 [ 84 105 189 231 294 315 ] [ 0.72 0.79 1.15 1.06 1.20 0.82 0.75 ]
222 226 5 1133 7 [ 63 189 210 273 294 336 ] [ 0.52 0.86 1.17 1.14 1.06 0.99 0.75 ]
226 222 5 1133 7 [ 42 189 210 231 336 378 ] [ 0.69 0.79 1.24 1.12 1.16 0.88 0.53 ]
226 227 12 3200 7 [ 63 147 231 273 315 357 ] [ 0.63 0.86 1.22 1.07 1.06 0.94 0.58 ]
227 226 12 3200 7 [ 63 84 273 315 378 399 ] [ 0.58 0.77 1.02 0.88 1.29 0.93 0.71 ]
222 228 10 2680 7 [ 21 42 84 189 357 378 ] [ 0.73 0.74 1.14 1.04 1.35 0.81 0.64 ]
228 222 10 2680 7 [ 42 105 147 252 273 357 ] [ 0.55 0.88 1.32 1.05 1.33 0.99 0.52 ]
228 229 2 418 7 [ 21 84 168 231 336 378 ] [ 0.68 0.86 1.16 1.07 1.26 0.80 0.53 ]
229 228 2 418 7 [ 21 42 63 210 315 378 ] [ 0.74 0.71 1.19 0.90 1.31 0.82 0.77 ]
229 230 2 326 7 [ 42 63 210 231 315 378 ] [ 0.69 0.90 1.37 1.05 1.18 0.90 0.66 ]
230 229 2 326 7 [ 63 147 168 294 315 336 ] [ 0.63 0.80 1.08 0.88 1.24 0.98 0.52 ]
228 230 2 220 7 [ 21 105 189 294 336 357 ] [ 0.77 0.85 1.30 0.83 1.13 0.79 0.78 ]
230 228 2 220 7 [ 42 63 126 210 336 399 ] [ 0.57 0.96 1.28 0.93 1.10 0.85 0.57 ]
230 231 6 1412 7 [ 84 105 126 147 231 378 ] [ 0.67 0.99 1.34 0.81 1.23 0.93 0.68 ]
231 230 6 1412 7 [ 42 84 105 147 168 210 ] [ 0.56 0.91 1.24 0.80 1.18 0.70 0.77 ]
231 232 15 4093 7 [ 147 252 273 294 315 378 ] [ 0.65 0.81 1.24 1.03 1.05 0.94 0.57 ]
232 231 15 4093 7 [ 21 63 105 189 273 294 ] [ 0.61 0.97 1.30 1.09 1.32 0.83 0.69 ]
232 233 15 4007 7 [ 21 126 210 231 294 357 ] [ 0.66 0.95 1.01 1.05 1.31 0.78 0.62 ]
233 232 15 4007 7 [ 126 147 168 189 294 315 ] [ 0.62 0.87 1.27 0.93 1.05 0.94 0.60 ]
232 254 2 354 7 [ 42 168 210 294 336 399 ] [ 0.70 0.86 1.13 0.81 1.00 0.81 0.69 ]
254 232 2 354 7 [ 126 231 294 336 378 399 ] [ 0.66 0.84 1.22 1.14 1.11 0.83 0.60 ]
231 233 26 7275 7 [ 105 210 273 357 378 399 ] [ 0.80 0.89 1.13 0.86 1.25 0.95 0.78 ]
233 231 26 7275 7 [ 84 147 168 210 231 378 ] [ 0.58 0.94 1.17 1.09 1.17 0.88 0.57 ]
229 234 13 3445 7 [ 21 147 189 231 273 357 ] [ 0.58 0.81 1.37 0.95 1.36 0.85 0.72 ]
234 229 13 3445 7 [ 21 63 84 147 336 399 ] [ 0.60 0.81 1.39 0.93 1.21 0.96 0.67 ]
234 235 7 1645 7 [ 21 63 84 126 315 378 ] [ 0.65 0.70 1.31 1.09 1.03 0.95 0.56 ]
235 234 7 1645 7 [ 42 105 252 273 315 378 ] [ 0.55 0.80 1.01 1.12 1.20 0.84 0.75 ]
235 236 5 1063 7 [ 21 63 84 273 294 399 ] [ 0.62 0.95 1.02 0.86 1.32 0.76 0.79 ]
236 235 5 1063 7 [ 84 126 168 210 378 399 ] [ 0.54 0.73 1.02 0.85 1.39 0.88 0.53 ]
235 237 7 1669 7 [ 21 189 252 294 378 399 ] [ 0.71 0.72 1.35 0.84 1.05 0.78 0.61 ]
237 235 7 1669 7 [ 84 105 126 168 189 399 ] [ 0.63 0.75 1.35 1.16 1.06 0.84 0.74 ]
237 192 4 901 7 [ 21 63 105 189 210 357 ] [ 0.65 0.81 1.13 0.96 1.27 0.89 0.62 ]
192 237 4 901 7 [ 63 189 231 273 357 399 ] [ 0.58 0.89 1.25 1.10 1.39 0.83 0.57 ]
237 238 5 1077 7 [ 126 168 231 315 357 378 ] [ 0.70 0.84 1.30 1.03 1.06 0.90 0.77 ]
238 237 5 1077 7 [ 21 63 84 105 147 357 ] [ 0.79 0.89 1.39 1.05 1.09 0.87 0.50 ]
238 234 6 1426 7 [ 21 42 84 168 273 315 ] [ 0.75 0.95 1.11 0.85 1.20 0.72 0.78 ]
234 238 6 1426 7 [ 42 147 210 273 378 399 ] [ 0.73 0.86 1.18 0.92 1.21 0.88 0.60 ]
240 241 5 1248 7 [ 63 189 210 273 315 336 ] [ 0.68 0.88 1.38 1.19 1.39 0.85 0.72 ]
241 240 5 1248 7 [ 84 105 168 231 315 336 ] [ 0.68 0.79 1.21 0.89 1.07 0.75 0.64 ]
241 191 2 403 7 [ 63 84 168 294 336 378 ] [ 0.52 0.88 1.26 0.99 1.24 0.94 0.74 ]
191 241 2 403 7 [ 42 105 210 231 252 357 ] [ 0.65 0.89 1.22 0.92 1.39 0.82 0.74 ]
241 242 7 1690 7 [ 42 84 168 210 231 252 ] [ 0.67 0.71 1.39 1.02 1.29 0.73 0.74 ]
242 241 7 1690 7 [ 21 42 84 105 189 315 ] [ 0.68 0.80 1.28 1.05 1.30 0.91 0.53 ]
240 242 5 1217 7 [ 105 189 252 336 357 399 ] [ 0.53 0.83 1.38 0.99 1.35 0.74 0.63 ]
242 240 5 1217 7 [ 21 84 147 210 231 378 ] [ 0.65 0.95 1.23 0.89 1.15 0.97 0.64 ]
242 243 6 1580 7 [ 21 63 147 168 210 336 ] [ 0.62 0.74 1.36 1.17 1.06 0.84 0.54 ]
243 242 6 1580 7 [ 21 63 84 105 210 378 ] [ 0.68 0.94 1.02 1.15 1.12 0.76 0.61 ]
242 244 7 1752 7 [ 63 189 210 315 357 378 ] [ 0.60 0.89 1.34 0.83 1.28 0.74 0.70 ]
244 242 7 1752 7 [ 63 126 210 273 315 357 ] [ 0.55 0.76 1.10 0.87 1.00 0.70 0.78 ]
243 244 3 620 7 [ 42 105 189 294 336 378 ] [ 0.65 0.78 1.34 0.89 1.19 0.86 0.76 ]
244 243 3 620 7 [ 105 273 315 336 357 378 ] [ 0.58 0.80 1.12 0.98 1.19 0.79 0.53 ]
243 193 5 1198 7 [ 63 84 189 210 231 315 ] [ 0.74 0.83 1.29 1.15 1.21 0.75 0.68 ]
193 243 5 1198 7 [ 63 147 273 294 336 399 ] [ 0.70 0.86 1.24 0.91 1.12 0.72 0.55 ]
244 245 19 5203 7 [ 126 231 252 357 378 399 ] [ 0.76 0.99 1.23 0.97 1.11 0.73 0.70 ]
245 244 19 5203 7 [ 21 42 126 210 231 315 ] [ 0.80 0.92 1.37 1.10 1.22 0.83 0.67 ]
245 214 6 1326 7 [ 63 105 126 294 315 378 ] [ 0.56 0.87 1.12 1.17 1.28 0.85 0.77 ]
214 245 6 1326 7 [ 21 84 126 189 210 252 ] [ 0.55 0.73 1.11 0.82 1.25 0.76 0.58 ]
245 246 10 2680 7 [ 42 105 273 294 357 378 ] [ 0.63 0.77 1.22 1.10 1.21 0.92 0.79 ]
246 245 10 2680 7 [ 189 210 231 294 336 357 ] [ 0.63 0.76 1.13 1.05 1.38 0.85 0.62 ]
246 247 8 2068 7 [ 42 63 105 189 252 294 ] [ 0.66 0.79 1.11 1.08 1.20 0.91 0.54 ]
247 246 8 2068 7 [ 105 189 273 336 357 378 ] [ 0.65 0.85 1.39 1.11 1.29 0.94 0.79 ]
244 247 11 2904 7 [ 21 168 189 273 315 399 ] [ 0.65 0.74 1.12 1.17 1.30 0.92 0.65 ]
247 244 11 2904 7 [ 21 42 168 210 294 336 ] [ 0.69 0.81 1.03 0.92 1.20 0.92 0.75 ]
247 248 3 624 7 [ 42 84 105 189 273 378 ] [ 0.78 0.88 1.07 1.07 1.08 0.82 0.79 ]
248 247 3 624 7 [ 63 105 168 210 294 336 ] [ 0.59 0.76 1.35 0.84 1.09 0.79 0.53 ]
248 239 4 876 7 [ 42 63 84 357 378 399 ] [ 0.71 0.86 1.05 0.88 1.27 0.82 0.63 ]
239 248 4 876 7 [ 126 168 252 273 336 399 ] [ 0.65 0.96 1.27 0.82 1.20 0.72 0.51 ]
248 249 7 1840 7 [ 42 126 189 210 336 378 ] [ 0.69 0.98 1.06 1.02 1.01 0.94 0.56 ]
249 248 7 1840 7 [ 126 147 273 294 357 399 ] [ 0.57 0.98 1.18 1.03 1.11 0.81 0.75 ]
246 249 6 1432 7 [ 21 84 126 252 294 336 ] [ 0.68 0.85 1.06 0.95 1.33 0.99 0.66 ]
249 246 6 1432 7 [ 21 84 126 168 273 315 ] [ 0.77 0.97 1.26 0.83 1.03 0.84 0.63 ]
249 228 4 812 7 [ 21 84 189 231 336 378 ] [ 0.57 0.98 1.32 0.91 1.06 0.92 0.55 ]
228 249 4 812 7 [ 126 147 168 231 252 315 ] [ 0.77 0.93 1.06 1.16 1.29 0.77 0.68 ]
221 246 11 2857 7 [ 126 147 189 210 294 315 ] [ 0.62 0.98 1.00 0.89 1.25 0.79 0.73 ]
246 221 11 2857 7 [ 42 105 273 294 315 378 ] [ 0.67 0.71 1.03 0.97 1.28 0.85 0.67 ]
24 0 11 0 7 [ 42 63 126 231 252 294 ] [ 0.76 0.94 1.16 1.01 1.08 0.72 0.63 ]
0 24 11 0 7 [ 21 42 105 126 273 378 ] [ 0.55 0.94 1.04 0.89 1.18 0.94 0.65 ]
24 37 3 0 7 [ 189 210 252 294 357 378 ] [ 0.62 0.83 1.39 1.09 1.19 0.72 0.70 ]
37 24 3 0 7 [ 126 231 252 294 336 399 ] [ 0.73 0.86 1.15 0.95 1.31 0.76 0.75 ]
63 66 12 0 7 [ 105 147 168 231 252 294 ] [ 0.73 0.79 1.37 1.10 1.26 0.92 0.55 ]
66 63 12 0 7 [ 42 63 168 231 252 357 ] [ 0.60 0.98 1.06 0.92 1.33 0.72 0.69 ]
65 66 15 0 7 [ 84 210 252 273 336 357 ] [ 0.73 0.89 1.36 1.05 1.22 0.83 0.75 ]
66 65 15 0 7 [ 21 42 84 210 252 399 ] [ 0.69 0.97 1.03 1.13 1.25 0.79 0.61 ]
66 67 16 0 7 [ 42 147 294 315 357 399 ] [ 0.75 0.91 1.06 1.03 1.08 0.93 0.70 ]
67 66 16 0 7 [ 42 63 168 294 315 336 ] [ 0.73 0.72 1.02 1.05 1.16 0.84 0.71 ]
173 182 4 0 7 [ 105 126 189 252 315 399 ] [ 0.54 0.88 1.01 1.13 1.12 0.86 0.79 ]
182 173 4 0 7 [ 84 105 147 168 252 378 ] [ 0.72 0.89 1.24 1.05 1.36 0.88 0.69 ]
183 184 6 0 7 [ 42 63 189 252 294 315 ] [ 0.52 0.79 1.13 0.90 1.31 0.92 0.54 ]
184 183 6 0 7 [ 63 147 252 273 294 399 ] [ 0.57 0.71 1.32 1.07 1.36 0.72 0.63 ]
184 252 13 0 7 [ 63 147 231 273 294 336 ] [ 0.71 0.78 1.38 1.00 1.06 0.86 0.54 ]
252 184 13 0 7 [ 84 147 210 231 273 315 ] [ 0.75 0.84 1.34 1.11 1.35 0.72 0.51 ]
183 186 6 0 7 [ 63 126 168 252 315 357 ] [ 0.63 0.73 1.08 1.01 1.35 0.92 0.64 ]
186 183 6 0 7 [ 21 63 105 231 336 399 ] [ 0.61 0.99 1.40 0.95 1.12 0.72 0.58 ]
187 173 8 0 7 [ 42 231 252 294 315 336 ] [ 0.71 0.85 1.22 0.96 1.39 0.97 0.59 ]
173 187 8 0 7 [ 42 126 147 315 336 399 ] [ 0.54 0.86 1.29 0.83 1.15 0.75 0.73 ]
187 188 4 0 7 [ 105 147 168 231 273 315 ] [ 0.66 0.98 1.36 0.85 1.15 0.99 0.69 ]
188 187 4 0 7 [ 42 84 105 126 189 294 ] [ 0.60 0.98 1.16 1.01 1.27 0.94 0.63 ]
188 189 10 0 7 [ 42 84 231 315 336 399 ] [ 0.68 0.77 1.10 0.84 1.11 0.83 0.66 ]
189 188 10 0 7 [ 21 63 252 315 357 399 ] [ 0.52 0.81 1.13 0.83 1.19 0.99 0.61 ]
188 190 4 0 7 [ 42 63 147 168 189 378 ] [ 0.69 0.79 1.04 0.91 1.32 0.80 0.66 ]
190 188 4 0 7 [ 21 63 105 126 168 336 ] [ 0.61 0.99 1.18 1.13 1.04 0.90 0.79 ]
190 191 5 0 7 [ 63 84 126 189 210 252 ] [ 0.74 0.75 1.31 1.04 1.38 0.84 0.71 ]
191 190 5 0 7 [ 189 294 315 336 357 378 ] [ 0.74 0.87 1.13 1.18 1.21 1.00 0.53 ]
190 192 5 0 7 [ 21 105 168 210 336 378 ] [ 0.60 0.85 1.32 1.10 1.01 0.92 0.61 ]
192 190 5 0 7 [ 21 63 105 231 336 357 ] [ 0.51 0.90 1.19 0.86 1.15 0.78 0.60 ]
191 192 3 0 7 [ 21 63 168 210 273 378 ] [ 0.63 0.84 1.25 1.04 1.02 0.89 0.74 ]
192 191 3 0 7 [ 147 231 294 357 378 399 ] [ 0.62 0.76 1.08 0.94 1.16 0.84 0.65 ]
251 250 9 0 7 [ 63 168 189 273 294 378 ] [ 0.72 0.83 1.31 0.81 1.37 0.87 0.51 ]
250 251 9 0 7 [ 63 105 126 189 336 399 ] [ 0.53 0.86 1.06 0.98 1.14 0.77 0.56 ]
207 208 12 0 7 [ 147 168 336 357 378 399 ] [ 0.70 0.96 1.08 1.13 1.32 0.90 0.74 ]
208 207 12 0 7 [ 63 168 189 294 336 357 ] [ 0.71 0.83 1.22 0.81 1.27 0.73 0.54 ]
253 217 7 0 7 [ 84 147 189 273 294 315 ] [ 0.57 0.84 1.27 0.84 1.01 0.95 0.51 ]
217 253 7 0 7 [ 21 42 168 189 210 231 ] [ 0.52 0.77 1.17 0.94 1.03 0.89 0.59 ]
220 221 3 0 7 [ 21 63 147 336 357 399 ] [ 0.64 0.96 1.30 1.15 1.31 0.87 0.58 ]
221 220 3 0 7 [ 21 42 168 294 336 378 ] [ 0.74 0.84 1.35 0.94 1.30 0.87 0.72 ]
221 222 3 0 7 [ 84 105 126 189 294 378 ] [ 0.78 0.88 1.10 0.98 1.01 0.77 0.59 ]
222 221 3 0 7 [ 21 105 189 273 357 378 ] [ 0.76 0.93 1.37 1.19 1.07 0.93 0.56 ]
220 223 7 0 7 [ 189 210 273 294 378 399 ] [ 0.51 0.72 1.33 0.83 1.30 0.93 0.66 ]
223 220 7 0 7 [ 21 84 147 189 315 357 ] [ 0.61 0.96 1.27 1.01 1.21 0.74 0.66 ]
221 224 4 0 7 [ 84 105 231 294 315 357 ] [ 0.75 0.88 1.03 1.10 1.35 0.96 0.63 ]
224 221 4 0 7 [ 21 63 189 231 273 315 ] [ 0.55 0.95 1.08 0.99 1.35 0.80 0.72 ]
234 239 8 0 7 [ 63 105 126 273 378 399 ] [ 0.80 0.87 1.12 1.11 1.13 0.99 0.50 ]
239 234 8 0 7 [ 21 105 147 252 315 399 ] [ 0.70 0.83 1.36 1.04 1.09 0.94 0.77 ]
239 240 11 0 7 [ 42 63 84 105 210 357 ] [ 0.74 0.70 1.12 0.91 1.35 0.86 0.55 ]
240 239 11 0 7 [ 21 63 84 105 273 315 ] [ 0.50 0.79 1.13 0.97 1.19 0.70 0.56 ]
238 240 6 0 7 [ 63 105 210 273 357 378 ] [ 0.76 0.90 1.24 0.81 1.05 0.70 0.75 ]
240 238 6 0 7 [ 63 231 252 273 315 399 ] [ 0.59 0.92 1.38 1.02 1.03 0.94 0.64 ]
211 253 4 0 7 [ 42 168 189 273 336 378 ] [ 0.79 0.90 1.03 0.85 1.37 0.72 0.54 ]
253 211 4 0 7 [ 21 126 168 189 336 378 ] [ 0.75 0.97 1.05 1.06 1.33 1.00 0.73 ]
216 253 2 0 7 [ 21 84 189 273 294 357 ] [ 0.77 0.78 1.38 1.02 1.34 0.95 0.65 ]
253 216 2 0 7 [ 210 231 273 294 336 378 ] [ 0.78 0.83 1.30 0.82 1.04 0.94 0.78 ]
