NAME : egl-g2-B
VERTICES : 255
EDG_REQ : 375
EDG_NONREQ : 0
VEHICLES : 27
CAPACITY : 23100
DEPOT : 0
STARTTIME : 0
ENDTIME : 420
SERVICE_SPEED_FACTOR : 0.70
[NETWORK_DATA]
0 4 8 1860 7 [ 63 84 126 168 315 357 ] [ 0.50 0.85 1.34 1.05 1.27 0.87 0.64 ]
4 0 8 1860 7 [ 42 63 231 252 336 399 ] [ 0.71 0.79 1.25 1.01 1.27 1.00 0.53 ]
4 5 3 556 7 [ 21 84 126 252 315 357 ] [ 0.68 0.85 1.03 1.02 1.11 0.97 0.58 ]
5 4 3 556 7 [ 84 147 210 252 315 336 ] [ 0.62 0.72 1.09 1.06 1.08 0.71 0.67 ]
5 6 4 821 7 [ 63 168 189 210 273 399 ] [ 0.54 0.87 1.13 1.16 1.30 0.98 0.57 ]
6 5 4 821 7 [ 21 105 189 273 315 378 ] [ 0.55 0.94 1.10 1.05 1.20 0.80 0.59 ]
6 7 3 606 7 [ 42 126 147 231 252 294 ] [ 0.61 0.72 1.16 0.82 1.06 0.84 0.54 ]
7 6 3 606 7 [ 63 84 147 231 378 399 ] [ 0.78 0.86 1.09 0.81 1.27 0.90 0.79 ]
7 8 9 2195 7 [ 63 189 252 273 315 399 ] [ 0.50 0.76 1.27 1.01 1.19 0.87 0.50 ]
8 7 9 2195 7 [ 63 147 231 252 294 336 ] [ 0.52 0.80 1.08 1.17 1.38 0.83 0.75 ]
8 9 2 282 7 [ 42 84 105 189 252 273 ] [ 0.53 0.85 1.37 1.09 1.08 0.75 0.72 ]
9 8 2 282 7 [ 63 105 147 189 231 357 ] [ 0.67 0.80 1.02 1.02 1.26 0.80 0.62 ]
9 10 8 1834 7 [ 21 189 231 294 315 378 ] [ 0.67 0.83 1.21 0.81 1.22 0.87 0.79 ]
10 9 8 1834 7 [ 21 63 84 210 273 378 ] [ 0.80 0.98 1.33 1.16 1.14 0.80 0.72 ]
10 11 5 1109 7 [ 63 84 210 252 294 315 ] [ 0.71 0.76 1.19 1.14 1.32 0.91 0.62 ]
11 10 5 1109 7 [ 42 147 231 315 336 378 ] [ 0.52 0.98 1.00 0.88 1.33 0.97 0.66 ]
11 12 3 591 7 [ 21 126 210 252 336 378 ] [ 0.51 0.97 1.39 1.05 1.20 0.94 0.65 ]
12 11 3 591 7 [ 63 84 147 189 357 378 ] [ 0.74 0.87 1.25 1.16 1.28 0.97 0.68 ]
12 13 13 3357 7 [ 42 126 147 252 336 399 ] [ 0.63 0.99 1.24 1.07 1.30 0.74 0.75 ]
13 12 13 3357 7 [ 42 168 273 315 336 399 ] [ 0.54 0.79 1.26 1.19 1.26 0.83 0.56 ]
13 14 8 1922 7 [ 63 105 168 294 315 336 ] [ 0.55 0.75 1.02 1.19 1.28 0.82 0.66 ]
14 13 8 1922 7 [ 147 168 210 273 378 399 ] [ 0.51 0.99 1.22 0.84 1.28 0.97 0.57 ]
4 15 2 390 7 [ 21 63 84 147 210 252 ] [ 0.59 1.00 1.25 0.80 1.39 0.71 0.60 ]
15 4 2 390 7 [ 84 105 147 168 189 252 ] [ 0.61 0.96 1.02 0.84 1.33 0.95 0.79 ]
15 16 2 221 7 [ 21 273 294 336 357 399 ] [ 0.50 1.00 1.15 1.12 1.21 0.95 0.66 ]
16 15 2 221 7 [ 21 105 147 273 294 336 ] [ 0.51 0.91 1.29 1.04 1.02 0.93 0.57 ]
16 17 2 318 7 [ 21 42 147 189 378 399 ] [ 0.72 0.91 1.25 1.17 1.23 0.80 0.67 ]
17 16 2 318 7 [ 42 84 210 315 378 399 ] [ 0.73 0.89 1.39 1.09 1.38 0.95 0.51 ]
5 17 3 429 7 [ 126 168 231 252 336 378 ] [ 0.65 0.85 1.01 1.12 1.38 0.98 0.73 ]
17 5 3 429 7 [ 168 189 210 294 315 399 ] [ 0.62 0.82 1.11 0.99 1.38 0.72 0.52 ]
17 18 4 717 7 [ 21 42 105 126 189 315 ] [ 0.68 0.88 1.08 1.18 1.31 0.77 0.64 ]
18 17 4 717 7 [ 21 84 147 231 378 399 ] [ 0.66 0.86 1.04 0.84 1.38 0.71 0.61 ]
6 18 3 503 7 [ 21 231 273 294 357 399 ] [ 0.61 0.96 1.26 1.17 1.07 0.90 0.66 ]
18 6 3 503 7 [ 84 231 273 294 357 378 ] [ 0.70 0.82 1.23 0.94 1.08 0.98 0.56 ]
15 19 4 960 7 [ 105 147 168 210 273 357 ] [ 0.65 0.77 1.39 1.19 1.04 0.98 0.76 ]
19 15 4 960 7 [ 21 147 210 231 273 294 ] [ 0.76 0.78 1.24 1.05 1.21 0.92 0.75 ]
19 20 3 669 7 [ 63 315 336 357 378 399 ] [ 0.67 0.74 1.01 1.12 1.17 0.97 0.59 ]
20 19 3 669 7 [ 126 147 168 189 210 252 ] [ 0.59 0.74 1.37 1.15 1.21 0.81 0.65 ]
18 20 3 460 7 [ 21 42 63 105 231 378 ] [ 0.79 0.80 1.14 0.80 1.03 0.72 0.76 ]
20 18 3 460 7 [ 63 84 105 168 273 357 ] [ 0.78 0.77 1.03 0.89 1.21 0.81 0.61 ]
19 21 3 519 7 [ 147 168 336 357 378 399 ] [ 0.63 0.99 1.21 0.89 1.07 0.78 0.69 ]
21 19 3 519 7 [ 63 84 105 294 315 357 ] [ 0.72 0.80 1.15 0.91 1.10 0.99 0.54 ]
21 22 3 463 7 [ 42 126 189 294 336 357 ] [ 0.53 0.71 1.19 0.91 1.30 0.90 0.62 ]
22 21 3 463 7 [ 42 63 105 168 231 252 ] [ 0.78 0.70 1.32 1.14 1.02 0.94 0.62 ]
20 22 5 985 7 [ 21 63 168 231 252 399 ] [ 0.67 0.77 1.30 0.94 1.29 1.00 0.67 ]
22 20 5 985 7 [ 21 147 231 252 315 378 ] [ 0.61 0.98 1.21 1.11 1.38 0.71 0.58 ]
21 23 3 528 7 [ 189 231 252 273 294 315 ] [ 0.60 0.99 1.32 0.82 1.36 0.89 0.60 ]
23 21 3 528 7 [ 21 84 147 189 210 294 ] [ 0.69 0.86 1.12 0.97 1.23 0.74 0.72 ]
22 23 3 479 7 [ 63 168 273 294 378 399 ] [ 0.58 0.95 1.05 0.93 1.19 0.94 0.66 ]
23 22 3 479 7 [ 21 84 147 168 294 378 ] [ 0.65 0.90 1.22 0.95 1.09 0.89 0.79 ]
23 24 7 1561 7 [ 21 84 231 252 357 399 ] [ 0.72 0.93 1.40 1.19 1.23 0.89 0.72 ]
24 23 7 1561 7 [ 84 231 252 294 315 357 ] [ 0.56 0.85 1.37 1.03 1.34 0.91 0.75 ]
24 0 11 2841 7 [ 42 105 147 273 315 336 ] [ 0.58 0.74 1.30 1.12 1.16 0.99 0.69 ]
0 24 11 2841 7 [ 21 168 231 273 336 378 ] [ 0.58 0.94 1.37 0.89 1.04 0.75 0.65 ]
20 25 3 681 7 [ 126 252 273 294 315 378 ] [ 0.70 0.93 1.24 1.14 1.39 0.88 0.56 ]
25 20 3 681 7 [ 105 147 189 210 252 273 ] [ 0.57 0.97 1.20 1.07 1.13 0.84 0.53 ]
7 25 5 1063 7 [ 21 42 105 168 252 357 ] [ 0.71 0.99 1.20 1.06 1.14 0.72 0.69 ]
25 7 5 1063 7 [ 21 126 147 168 315 378 ] [ 0.60 0.87 1.13 1.00 1.04 0.96 0.65 ]
6 254 5 991 7 [ 63 105 210 315 336 378 ] [ 0.67 0.87 1.25 1.01 1.04 0.78 0.58 ]
254 6 5 991 7 [ 42 168 189 294 336 357 ] [ 0.79 0.74 1.12 0.92 1.24 0.77 0.78 ]
25 26 4 969 7 [ 189 210 231 294 336 378 ] [ 0.58 0.78 1.25 1.00 1.37 0.86 0.71 ]
26 25 4 969 7 [ 126 189 210 273 357 378 ] [ 0.59 0.96 1.01 1.02 1.07 0.93 0.60 ]
22 27 6 1471 7 [ 21 126 189 210 231 273 ] [ 0.61 0.89 1.02 1.20 1.23 0.80 0.80 ]
27 22 6 1471 7 [ 84 105 147 252 357 378 ] [ 0.69 0.75 1.02 0.93 1.12 0.77 0.57 ]
26 27 3 590 7 [ 42 84 105 336 378 399 ] [ 0.53 0.88 1.31 1.18 1.40 0.92 0.68 ]
27 26 3 590 7 [ 147 168 189 273 294 336 ] [ 0.57 0.96 1.13 1.01 1.11 0.82 0.56 ]
26 28 4 720 7 [ 42 63 105 147 189 336 ] [ 0.72 0.71 1.12 0.92 1.18 0.84 0.72 ]
28 26 4 720 7 [ 42 147 273 294 315 336 ] [ 0.61 0.79 1.15 0.84 1.35 0.76 0.61 ]
27 28 4 819 7 [ 21 42 84 126 294 336 ] [ 0.75 0.81 1.22 0.95 1.35 0.90 0.62 ]
28 27 4 819 7 [ 84 147 210 231 378 399 ] [ 0.71 0.89 1.24 0.97 1.31 0.90 0.58 ]
8 28 4 794 7 [ 63 231 252 273 315 357 ] [ 0.61 0.71 1.04 1.15 1.18 0.78 0.53 ]
28 8 4 794 7 [ 21 210 294 315 378 399 ] [ 0.54 0.76 1.09 1.20 1.10 0.98 0.51 ]
8 254 3 637 7 [ 21 63 294 336 357 378 ] [ 0.78 0.91 1.05 0.99 1.24 0.89 0.54 ]
254 8 3 637 7 [ 63 126 252 294 315 336 ] [ 0.70 1.00 1.21 0.82 1.18 0.94 0.52 ]
9 29 3 498 7 [ 21 189 210 231 252 294 ] [ 0.79 0.84 1.32 0.96 1.06 0.87 0.78 ]
29 9 3 498 7 [ 42 168 189 210 315 399 ] [ 0.74 0.96 1.09 1.07 1.02 0.82 0.63 ]
28 30 3 559 7 [ 84 147 189 252 378 399 ] [ 0.58 0.96 1.34 0.90 1.36 0.86 0.61 ]
30 28 3 559 7 [ 42 84 105 252 315 357 ] [ 0.51 0.95 1.05 1.18 1.02 0.74 0.65 ]
30 29 2 383 7 [ 105 147 168 252 294 315 ] [ 0.73 0.76 1.19 0.99 1.23 0.98 0.80 ]
29 30 2 383 7 [ 210 231 252 315 336 378 ] [ 0.78 0.95 1.02 0.99 1.27 0.99 0.57 ]
30 31 7 1671 7 [ 84 168 315 336 357 399 ] [ 0.62 0.89 1.34 1.08 1.25 0.96 0.66 ]
31 30 7 1671 7 [ 84 147 168 210 294 336 ] [ 0.69 0.99 1.25 0.93 1.28 0.91 0.54 ]
31 32 3 420 7 [ 105 147 189 273 294 357 ] [ 0.54 0.92 1.32 0.84 1.28 0.89 0.77 ]
32 31 3 420 7 [ 21 210 231 294 378 399 ] [ 0.58 0.94 1.19 0.80 1.31 0.85 0.78 ]
29 32 6 1373 7 [ 21 189 210 294 336 378 ] [ 0.54 1.00 1.34 1.03 1.21 0.87 0.72 ]
32 29 6 1373 7 [ 84 231 252 294 315 336 ] [ 0.50 0.74 1.29 0.87 1.11 0.96 0.77 ]
32 10 1 130 7 [ 21 84 189 231 273 399 ] [ 0.71 1.00 1.30 1.01 1.13 0.86 0.68 ]
10 32 1 130 7 [ 21 84 147 189 210 294 ] [ 0.79 0.70 1.38 1.18 1.23 0.93 0.72 ]
31 33 3 546 7 [ 21 168 210 231 294 378 ] [ 0.69 0.92 1.26 0.85 1.19 0.79 0.59 ]
33 31 3 546 7 [ 105 126 147 189 273 315 ] [ 0.60 0.91 1.14 0.99 1.01 0.89 0.69 ]
33 34 3 510 7 [ 42 63 84 105 294 357 ] [ 0.64 0.95 1.19 0.94 1.11 0.72 0.70 ]
34 33 3 510 7 [ 42 84 126 147 336 378 ] [ 0.58 0.81 1.28 1.00 1.14 0.81 0.74 ]
34 35 2 363 7 [ 21 42 210 231 294 357 ] [ 0.80 0.97 1.36 1.16 1.12 0.74 0.71 ]
35 34 2 363 7 [ 84 105 189 336 378 399 ] [ 0.67 1.00 1.38 0.89 1.22 0.71 0.55 ]
35 32 3 424 7 [ 21 63 147 294 378 399 ] [ 0.53 0.77 1.23 1.17 1.16 0.73 0.77 ]
32 35 3 424 7 [ 168 189 231 294 315 378 ] [ 0.78 0.93 1.26 1.19 1.22 0.96 0.73 ]
35 11 3 673 7 [ 42 84 126 273 294 378 ] [ 0.74 0.86 1.27 0.83 1.35 0.94 0.52 ]
11 35 3 673 7 [ 63 84 273 294 336 378 ] [ 0.74 0.83 1.13 1.04 1.34 0.94 0.56 ]
34 36 4 894 7 [ 42 126 273 315 336 399 ] [ 0.61 0.97 1.18 0.82 1.23 0.96 0.71 ]
36 34 4 894 7 [ 84 105 252 294 315 336 ] [ 0.59 0.80 1.39 0.86 1.29 0.79 0.62 ]
36 12 2 226 7 [ 105 147 231 252 315 336 ] [ 0.71 0.96 1.16 0.92 1.13 0.80 0.51 ]
12 36 2 226 7 [ 21 210 315 357 378 399 ] [ 0.70 0.89 1.36 1.11 1.30 0.83 0.53 ]
24 37 4 709 7 [ 84 105 231 273 294 378 ] [ 0.78 0.77 1.22 1.00 1.18 0.90 0.67 ]
37 24 4 709 7 [ 84 105 168 189 378 399 ] [ 0.62 0.97 1.36 0.84 1.24 0.87 0.74 ]
37 38 8 2022 7 [ 42 105 147 294 315 399 ] [ 0.63 0.85 1.32 1.16 1.15 0.73 0.70 ]
38 37 8 2022 7 [ 63 147 273 294 315 399 ] [ 0.77 0.90 1.17 1.13 1.00 0.93 0.79 ]
38 39 4 747 7 [ 126 168 210 273 294 336 ] [ 0.76 0.93 1.06 0.87 1.37 0.95 0.66 ]
39 38 4 747 7 [ 21 84 126 315 357 399 ] [ 0.76 0.94 1.12 1.00 1.08 0.96 0.70 ]
38 40 10 2431 7 [ 42 84 126 147 189 273 ] [ 0.61 0.81 1.12 1.17 1.14 0.87 0.55 ]
40 38 10 2431 7 [ 63 105 126 231 252 336 ] [ 0.74 0.73 1.02 0.88 1.18 0.73 0.77 ]
40 33 10 2533 7 [ 84 168 231 252 294 357 ] [ 0.75 0.79 1.04 1.03 1.01 0.96 0.79 ]
33 40 10 2533 7 [ 21 105 126 189 294 399 ] [ 0.58 0.78 1.34 0.99 1.22 1.00 0.74 ]
38 41 14 3644 7 [ 42 105 126 147 210 231 ] [ 0.66 0.78 1.31 1.13 1.31 0.91 0.58 ]
41 38 14 3644 7 [ 42 168 210 231 357 378 ] [ 0.70 1.00 1.36 1.12 1.30 0.85 0.73 ]
41 42 3 605 7 [ 42 63 84 126 315 336 ] [ 0.68 0.82 1.31 0.99 1.18 0.83 0.65 ]
42 41 3 605 7 [ 21 105 126 252 378 399 ] [ 0.64 0.86 1.03 1.19 1.09 0.98 0.52 ]
40 42 15 3742 7 [ 42 147 294 315 336 357 ] [ 0.74 0.71 1.32 1.01 1.31 0.94 0.72 ]
42 40 15 3742 7 [ 42 105 189 252 357 378 ] [ 0.79 0.81 1.01 1.14 1.12 0.80 0.61 ]
42 43 3 666 7 [ 21 84 147 315 357 378 ] [ 0.75 0.77 1.18 0.94 1.12 0.95 0.78 ]
43 42 3 666 7 [ 105 147 168 210 273 315 ] [ 0.70 0.80 1.08 1.04 1.21 0.92 0.56 ]
36 43 19 5067 7 [ 21 84 189 294 315 336 ] [ 0.70 0.81 1.27 0.84 1.19 0.84 0.71 ]
43 36 19 5067 7 [ 21 42 273 336 357 399 ] [ 0.74 0.92 1.18 1.06 1.25 0.77 0.59 ]
13 43 13 3407 7 [ 42 84 210 231 357 399 ] [ 0.75 0.82 1.00 0.83 1.17 0.87 0.66 ]
43 13 13 3407 7 [ 21 105 126 189 231 294 ] [ 0.74 0.96 1.07 1.10 1.26 0.83 0.53 ]
14 44 6 1414 7 [ 126 168 210 252 315 336 ] [ 0.61 0.95 1.26 1.15 1.21 0.75 0.59 ]
44 14 6 1414 7 [ 21 42 84 147 168 294 ] [ 0.55 0.97 1.26 0.86 1.28 0.90 0.61 ]
44 45 11 2781 7 [ 42 84 147 168 189 336 ] [ 0.55 0.97 1.10 1.12 1.24 0.74 0.79 ]
45 44 11 2781 7 [ 63 105 189 210 315 357 ] [ 0.69 0.72 1.14 1.14 1.19 0.72 0.78 ]
45 46 4 844 7 [ 21 42 105 126 168 210 ] [ 0.60 0.98 1.15 1.06 1.05 0.93 0.67 ]
46 45 4 844 7 [ 21 84 168 210 273 399 ] [ 0.63 0.72 1.00 0.95 1.31 0.97 0.56 ]
45 47 4 774 7 [ 168 231 273 294 336 357 ] [ 0.62 0.98 1.23 0.83 1.19 0.78 0.80 ]
47 45 4 774 7 [ 42 63 105 126 315 399 ] [ 0.79 0.76 1.22 0.87 1.09 0.98 0.69 ]
47 48 3 553 7 [ 42 105 147 189 252 294 ] [ 0.69 0.75 1.35 1.11 1.18 0.77 0.75 ]
48 47 3 553 7 [ 63 126 147 273 294 399 ] [ 0.68 0.98 1.03 1.10 1.20 0.95 0.69 ]
45 48 5 1231 7 [ 21 63 105 147 168 273 ] [ 0.77 0.75 1.25 0.93 1.16 0.95 0.58 ]
48 45 5 1231 7 [ 63 105 126 189 336 357 ] [ 0.65 0.87 1.11 1.07 1.40 0.99 0.52 ]
48 49 5 1041 7 [ 63 168 189 210 336 357 ] [ 0.73 0.90 1.20 1.20 1.09 0.83 0.58 ]
49 48 5 1041 7 [ 147 168 231 273 294 357 ] [ 0.74 0.78 1.20 1.01 1.27 0.87 0.61 ]
49 50 6 1486 7 [ 21 42 105 168 210 273 ] [ 0.64 0.77 1.20 1.08 1.29 0.91 0.75 ]
50 49 6 1486 7 [ 21 147 168 189 231 273 ] [ 0.71 0.78 1.39 0.92 1.34 0.82 0.70 ]
50 51 5 1190 7 [ 63 126 147 273 315 399 ] [ 0.59 0.98 1.07 0.93 1.39 0.88 0.53 ]
51 50 5 1190 7 [ 21 42 126 147 189 210 ] [ 0.64 0.93 1.09 1.19 1.15 0.82 0.65 ]
51 52 6 1254 7 [ 105 189 231 273 294 315 ] [ 0.56 0.86 1.34 1.05 1.16 0.84 0.68 ]
52 51 6 1254 7 [ 126 147 231 252 357 399 ] [ 0.50 0.90 1.29 0.95 1.21 0.81 0.71 ]
52 53 3 468 7 [ 42 84 126 231 294 336 ] [ 0.63 0.71 1.10 1.00 1.07 0.88 0.53 ]
53 52 3 468 7 [ 42 147 210 231 252 315 ] [ 0.52 0.99 1.28 0.84 1.27 0.79 0.58 ]
53 54 2 230 7 [ 21 84 105 294 357 378 ] [ 0.75 0.94 1.16 1.20 1.06 0.95 0.79 ]
54 53 2 230 7 [ 42 84 105 147 189 252 ] [ 0.66 0.91 1.27 1.05 1.05 0.81 0.60 ]
54 41 8 1871 7 [ 84 126 147 189 252 273 ] [ 0.67 1.00 1.11 0.90 1.35 0.89 0.78 ]
41 54 8 1871 7 [ 105 168 210 252 357 399 ] [ 0.62 0.89 1.08 1.11 1.14 0.83 0.51 ]
54 52 3 662 7 [ 21 42 126 189 210 294 ] [ 0.66 0.80 1.33 0.95 1.26 0.71 0.57 ]
52 54 3 662 7 [ 42 147 168 189 252 399 ] [ 0.77 0.91 1.39 1.07 1.25 0.90 0.57 ]
43 53 7 1559 7 [ 21 42 189 210 357 378 ] [ 0.67 0.71 1.20 0.82 1.17 0.79 0.55 ]
53 43 7 1559 7 [ 42 126 168 273 294 357 ] [ 0.65 0.92 1.24 1.05 1.05 0.90 0.76 ]
52 55 3 545 7 [ 42 63 105 168 210 378 ] [ 0.73 0.87 1.05 0.95 1.36 0.83 0.76 ]
55 52 3 545 7 [ 63 252 315 336 357 378 ] [ 0.54 0.93 1.12 0.96 1.40 0.87 0.60 ]
55 56 2 341 7 [ 21 105 126 147 168 252 ] [ 0.60 0.86 1.24 0.95 1.16 0.94 0.65 ]
56 55 2 341 7 [ 63 105 147 210 336 378 ] [ 0.80 0.86 1.01 1.07 1.40 0.81 0.78 ]
56 57 3 422 7 [ 21 42 63 126 231 315 ] [ 0.57 0.76 1.24 0.85 1.02 0.86 0.78 ]
57 56 3 422 7 [ 63 147 168 252 315 399 ] [ 0.70 0.88 1.32 1.02 1.02 0.79 0.77 ]
55 57 2 332 7 [ 21 147 189 210 252 357 ] [ 0.70 0.92 1.34 1.12 1.02 0.71 0.58 ]
57 55 2 332 7 [ 63 84 231 315 336 357 ] [ 0.69 0.94 1.22 0.98 1.40 0.78 0.59 ]
57 58 2 324 7 [ 126 189 273 315 336 357 ] [ 0.50 0.89 1.16 0.91 1.04 1.00 0.73 ]
58 57 2 324 7 [ 63 189 294 315 357 378 ] [ 0.70 0.72 1.28 1.14 1.03 0.77 0.73 ]
58 51 3 502 7 [ 63 210 252 336 357 399 ] [ 0.57 0.86 1.20 0.82 1.23 0.87 0.70 ]
51 58 3 502 7 [ 63 231 252 294 315 336 ] [ 0.67 0.98 1.24 1.02 1.22 0.92 0.54 ]
58 59 2 358 7 [ 21 42 105 126 210 273 ] [ 0.72 0.96 1.08 1.01 1.28 0.77 0.54 ]
59 58 2 358 7 [ 63 105 147 231 294 399 ] [ 0.80 0.74 1.37 1.11 1.20 0.71 0.61 ]
50 59 5 1076 7 [ 63 231 294 336 357 378 ] [ 0.75 0.91 1.10 1.00 1.23 0.94 0.78 ]
59 50 5 1076 7 [ 21 84 105 126 273 336 ] [ 0.64 0.96 1.25 0.95 1.25 0.81 0.73 ]
56 60 2 368 7 [ 105 126 210 294 336 378 ] [ 0.52 0.78 1.30 0.88 1.17 0.85 0.63 ]
60 56 2 368 7 [ 84 105 210 273 294 399 ] [ 0.65 0.75 1.06 0.92 1.01 0.89 0.52 ]
60 61 2 376 7 [ 105 189 336 357 378 399 ] [ 0.78 0.79 1.35 0.81 1.04 0.76 0.72 ]
61 60 2 376 7 [ 126 147 210 294 336 399 ] [ 0.53 0.84 1.12 1.03 1.31 1.00 0.66 ]
61 62 7 1669 7 [ 21 42 63 105 126 147 ] [ 0.80 0.75 1.30 1.07 1.30 0.87 0.79 ]
62 61 7 1669 7 [ 63 210 252 294 357 378 ] [ 0.51 0.89 1.04 0.80 1.19 0.70 0.70 ]
59 63 5 1123 7 [ 105 126 168 210 273 357 ] [ 0.52 0.90 1.29 0.92 1.38 0.94 0.51 ]
63 59 5 1123 7 [ 42 63 84 126 147 210 ] [ 0.79 0.75 1.28 0.93 1.02 0.91 0.50 ]
63 64 3 520 7 [ 42 63 105 147 273 378 ] [ 0.52 0.94 1.37 1.09 1.06 0.92 0.62 ]
64 63 3 520 7 [ 63 84 147 189 231 336 ] [ 0.51 0.94 1.32 1.19 1.03 0.91 0.69 ]
64 65 9 2332 7 [ 105 126 147 294 315 336 ] [ 0.80 0.95 1.06 1.16 1.12 0.97 0.61 ]
65 64 9 2332 7 [ 21 63 105 147 252 378 ] [ 0.78 0.75 1.02 1.18 1.27 1.00 0.74 ]
65 3 10 2562 7 [ 42 84 273 315 357 399 ] [ 0.79 0.80 1.09 1.00 1.38 1.00 0.61 ]
3 65 10 2562 7 [ 21 42 84 252 294 357 ] [ 0.59 0.77 1.24 1.07 1.25 0.85 0.71 ]
3 49 9 2191 7 [ 21 42 105 231 378 399 ] [ 0.63 0.84 1.07 1.18 1.25 0.86 0.74 ]
49 3 9 2191 7 [ 147 168 231 294 357 378 ] [ 0.53 0.97 1.25 0.89 1.10 0.94 0.76 ]
3 47 4 874 7 [ 42 63 168 231 273 357 ] [ 0.76 0.89 1.11 0.91 1.33 0.95 0.64 ]
47 3 4 874 7 [ 126 147 252 294 336 378 ] [ 0.56 0.70 1.10 0.97 1.21 0.75 0.53 ]
63 66 13 3301 7 [ 42 63 84 105 168 231 ] [ 0.51 1.00 1.27 1.13 1.02 0.76 0.61 ]
66 63 13 3301 7 [ 42 126 168 189 231 336 ] [ 0.50 0.90 1.29 0.95 1.38 0.97 0.53 ]
65 66 16 4023 7 [ 21 147 168 231 252 273 ] [ 0.51 0.79 1.39 0.94 1.34 0.81 0.67 ]
66 65 16 4023 7 [ 21 105 168 189 273 399 ] [ 0.80 0.81 1.27 1.06 1.32 0.80 0.65 ]
66 67 17 4409 7 [ 21 84 105 210 294 336 ] [ 0.58 0.95 1.17 0.87 1.38 0.97 0.68 ]
67 66 17 4409 7 [ 42 126 189 231 315 399 ] [ 0.76 0.93 1.01 1.01 1.33 0.71 0.56 ]
67 68 7 1781 7 [ 21 42 84 168 210 252 ] [ 0.79 0.74 1.00 0.89 1.23 0.71 0.67 ]
68 67 7 1781 7 [ 21 63 147 210 357 399 ] [ 0.71 0.93 1.34 0.82 1.28 0.85 0.58 ]
68 69 5 1101 7 [ 21 63 147 210 252 378 ] [ 0.55 0.90 1.28 0.89 1.24 0.80 0.62 ]
69 68 5 1101 7 [ 21 84 105 126 189 378 ] [ 0.64 0.94 1.15 0.92 1.11 0.85 0.69 ]
68 70 3 563 7 [ 105 189 273 336 378 399 ] [ 0.69 0.84 1.32 1.14 1.20 0.99 0.54 ]
70 68 3 563 7 [ 189 210 315 336 357 378 ] [ 0.62 0.86 1.19 1.17 1.08 0.99 0.61 ]
69 70 5 984 7 [ 21 126 231 273 336 357 ] [ 0.76 0.90 1.39 1.12 1.30 0.75 0.72 ]
70 69 5 984 7 [ 21 105 168 252 273 336 ] [ 0.75 0.84 1.07 0.98 1.02 0.80 0.54 ]
69 62 12 2931 7 [ 21 63 84 147 231 357 ] [ 0.74 0.73 1.16 1.19 1.00 0.74 0.63 ]
62 69 12 2931 7 [ 21 84 147 168 357 378 ] [ 0.63 0.91 1.16 1.19 1.22 0.90 0.67 ]
70 71 7 1613 7 [ 63 84 147 189 294 357 ] [ 0.63 0.78 1.16 0.87 1.27 0.76 0.66 ]
71 70 7 1613 7 [ 63 105 189 357 378 399 ] [ 0.64 0.73 1.09 0.92 1.23 0.83 0.71 ]
71 72 12 2954 7 [ 42 63 84 168 189 336 ] [ 0.54 0.75 1.37 1.05 1.13 0.97 0.63 ]
72 71 12 2954 7 [ 21 189 210 252 357 378 ] [ 0.60 0.85 1.05 0.88 1.08 0.99 0.51 ]
72 73 3 577 7 [ 42 63 105 168 252 315 ] [ 0.51 0.77 1.21 0.85 1.21 0.73 0.68 ]
73 72 3 577 7 [ 63 147 252 273 294 315 ] [ 0.75 0.88 1.14 0.91 1.39 0.82 0.79 ]
61 73 13 3309 7 [ 42 84 126 252 336 357 ] [ 0.69 0.85 1.40 0.95 1.39 0.98 0.73 ]
73 61 13 3309 7 [ 21 105 294 357 378 399 ] [ 0.63 0.94 1.02 0.91 1.15 0.84 0.57 ]
73 74 3 543 7 [ 21 105 168 189 252 336 ] [ 0.61 0.91 1.10 0.88 1.03 0.94 0.61 ]
74 73 3 543 7 [ 42 105 210 315 378 399 ] [ 0.58 0.81 1.17 1.08 1.35 1.00 0.80 ]
74 72 3 588 7 [ 42 63 147 168 315 357 ] [ 0.57 0.76 1.04 0.99 1.31 0.97 0.55 ]
72 74 3 588 7 [ 42 63 105 189 252 315 ] [ 0.60 0.93 1.10 1.14 1.12 0.90 0.72 ]
41 74 10 2479 7 [ 147 252 315 336 378 399 ] [ 0.71 0.75 1.32 0.85 1.14 0.74 0.60 ]
74 41 10 2479 7 [ 84 126 168 231 294 378 ] [ 0.57 0.86 1.30 0.87 1.02 0.70 0.79 ]
74 75 13 3247 7 [ 21 63 84 126 231 273 ] [ 0.78 0.92 1.16 1.03 1.38 0.95 0.59 ]
75 74 13 3247 7 [ 63 105 231 294 315 357 ] [ 0.54 0.91 1.19 1.08 1.24 0.99 0.76 ]
75 76 5 1169 7 [ 21 126 189 231 336 399 ] [ 0.55 0.89 1.21 1.00 1.01 0.85 0.76 ]
76 75 5 1169 7 [ 21 63 147 336 378 399 ] [ 0.51 0.98 1.20 1.09 1.03 0.84 0.80 ]
76 39 5 1022 7 [ 42 84 147 294 378 399 ] [ 0.57 0.74 1.23 0.97 1.30 0.83 0.54 ]
39 76 5 1022 7 [ 21 84 147 231 273 294 ] [ 0.64 0.95 1.11 1.02 1.25 0.86 0.56 ]
75 77 13 3457 7 [ 84 147 210 231 252 294 ] [ 0.59 0.76 1.32 0.92 1.40 0.76 0.73 ]
77 75 13 3457 7 [ 42 105 126 147 210 315 ] [ 0.75 0.83 1.06 0.86 1.05 0.78 0.51 ]
77 78 2 342 7 [ 63 126 147 210 273 357 ] [ 0.52 0.88 1.29 1.08 1.14 0.90 0.52 ]
78 77 2 342 7 [ 63 84 105 294 336 378 ] [ 0.66 0.89 1.01 0.99 1.13 0.75 0.70 ]
77 79 18 4719 7 [ 84 168 189 252 273 336 ] [ 0.50 0.75 1.17 0.89 1.07 0.99 0.56 ]
79 77 18 4719 7 [ 105 168 252 294 336 399 ] [ 0.65 0.95 1.14 1.08 1.30 0.79 0.53 ]
79 80 2 212 7 [ 21 42 63 168 231 252 ] [ 0.66 0.98 1.10 0.94 1.10 0.92 0.61 ]
80 79 2 212 7 [ 21 84 210 231 273 399 ] [ 0.63 0.89 1.12 1.19 1.16 0.76 0.78 ]
80 71 2 283 7 [ 21 42 105 168 273 399 ] [ 0.70 0.81 1.38 0.86 1.16 0.93 0.66 ]
71 80 2 283 7 [ 189 231 252 315 378 399 ] [ 0.60 0.71 1.09 1.07 1.31 0.93 0.74 ]
80 81 7 1725 7 [ 126 189 231 294 336 357 ] [ 0.51 0.74 1.22 1.13 1.24 0.71 0.65 ]
81 80 7 1725 7 [ 84 126 273 294 357 378 ] [ 0.75 0.95 1.32 1.09 1.08 0.74 0.76 ]
81 70 6 1274 7 [ 84 168 231 252 315 357 ] [ 0.57 0.96 1.29 0.95 1.36 0.99 0.73 ]
70 81 6 1274 7 [ 210 273 294 315 357 378 ] [ 0.75 0.95 1.11 1.14 1.10 0.90 0.65 ]
81 82 3 422 7 [ 42 84 126 168 231 315 ] [ 0.67 0.85 1.09 0.96 1.21 0.87 0.80 ]
82 81 3 422 7 [ 63 126 168 189 294 336 ] [ 0.60 0.81 1.34 0.83 1.04 0.85 0.67 ]
82 83 7 1671 7 [ 63 84 105 210 294 399 ] [ 0.76 0.93 1.07 1.00 1.07 0.97 0.62 ]
83 82 7 1671 7 [ 42 63 84 126 357 378 ] [ 0.76 0.79 1.32 1.14 1.06 0.79 0.53 ]
83 79 6 1294 7 [ 21 42 63 168 315 399 ] [ 0.73 0.88 1.15 1.18 1.36 0.71 0.58 ]
79 83 6 1294 7 [ 42 63 189 210 273 378 ] [ 0.70 0.85 1.13 0.95 1.17 0.86 0.67 ]
83 84 10 2384 7 [ 42 84 126 168 231 294 ] [ 0.67 0.79 1.12 0.83 1.17 0.86 0.61 ]
84 83 10 2384 7 [ 84 105 231 294 357 378 ] [ 0.67 0.71 1.29 1.09 1.22 0.72 0.79 ]
84 85 7 1607 7 [ 21 63 147 168 189 294 ] [ 0.80 0.92 1.17 0.80 1.02 0.74 0.74 ]
85 84 7 1607 7 [ 63 84 126 231 336 378 ] [ 0.53 0.85 1.39 0.81 1.31 0.99 0.74 ]
83 86 6 1479 7 [ 21 105 231 273 336 357 ] [ 0.50 0.71 1.37 1.19 1.35 0.91 0.60 ]
86 83 6 1479 7 [ 42 231 315 357 378 399 ] [ 0.70 0.83 1.17 1.06 1.04 0.98 0.66 ]
85 86 5 1041 7 [ 42 84 231 294 315 336 ] [ 0.57 0.76 1.01 0.82 1.39 0.71 0.76 ]
86 85 5 1041 7 [ 21 105 126 147 189 210 ] [ 0.53 0.72 1.20 1.17 1.20 1.00 0.53 ]
85 87 30 8010 7 [ 63 210 231 252 315 357 ] [ 0.58 0.86 1.35 1.01 1.27 0.95 0.79 ]
87 85 30 8010 7 [ 21 63 168 252 315 399 ] [ 0.69 0.87 1.09 0.90 1.21 0.89 0.58 ]
87 88 3 602 7 [ 21 84 231 294 357 399 ] [ 0.53 0.92 1.14 1.19 1.08 0.78 0.68 ]
88 87 3 602 7 [ 63 189 252 315 357 399 ] [ 0.58 0.81 1.34 1.00 1.29 0.80 0.57 ]
88 89 4 895 7 [ 21 42 105 252 273 378 ] [ 0.59 0.82 1.16 1.08 1.10 0.83 0.72 ]
89 88 4 895 7 [ 21 126 147 210 294 315 ] [ 0.76 0.80 1.04 1.16 1.17 0.72 0.66 ]
254 88 4 883 7 [ 63 105 126 168 294 399 ] [ 0.65 0.83 1.17 0.90 1.29 0.94 0.73 ]
88 254 4 883 7 [ 63 105 168 210 252 336 ] [ 0.52 0.78 1.05 1.04 1.10 0.87 0.57 ]
82 90 11 2892 7 [ 126 168 189 231 252 294 ] [ 0.53 0.94 1.08 0.97 1.23 0.82 0.61 ]
90 82 11 2892 7 [ 21 42 147 231 273 336 ] [ 0.74 0.79 1.15 1.08 1.04 0.72 0.57 ]
90 91 3 450 7 [ 63 210 252 315 336 378 ] [ 0.65 0.98 1.27 0.99 1.15 0.83 0.64 ]
91 90 3 450 7 [ 126 210 273 294 336 357 ] [ 0.54 0.75 1.14 0.81 1.04 0.86 0.68 ]
91 92 4 863 7 [ 42 168 252 273 315 336 ] [ 0.53 0.78 1.03 0.84 1.05 1.00 0.54 ]
92 91 4 863 7 [ 63 168 189 210 273 399 ] [ 0.53 0.73 1.29 0.83 1.13 0.98 0.70 ]
92 93 3 509 7 [ 84 147 168 210 231 336 ] [ 0.71 0.97 1.20 0.92 1.35 0.90 0.52 ]
93 92 3 509 7 [ 63 105 252 294 315 357 ] [ 0.55 0.97 1.17 1.04 1.06 0.97 0.54 ]
93 91 2 393 7 [ 21 63 105 252 273 315 ] [ 0.56 0.70 1.32 1.04 1.02 0.74 0.56 ]
91 93 2 393 7 [ 147 273 315 336 357 399 ] [ 0.63 0.73 1.06 1.01 1.09 0.82 0.67 ]
67 93 8 2070 7 [ 42 105 168 189 231 315 ] [ 0.66 0.72 1.14 0.93 1.20 0.71 0.67 ]
93 67 8 2070 7 [ 21 189 210 231 252 378 ] [ 0.59 0.79 1.30 1.18 1.32 0.86 0.75 ]
93 94 10 2463 7 [ 21 42 63 126 189 399 ] [ 0.62 1.00 1.12 1.18 1.05 0.79 0.58 ]
94 93 10 2463 7 [ 42 105 147 168 189 210 ] [ 0.72 0.81 1.20 0.93 1.23 0.82 0.63 ]
67 94 6 1390 7 [ 126 189 210 252 378 399 ] [ 0.56 0.75 1.33 0.89 1.31 0.81 0.56 ]
94 67 6 1390 7 [ 21 189 252 294 315 378 ] [ 0.56 0.79 1.05 1.09 1.01 0.72 0.53 ]
2 94 19 5069 7 [ 42 105 210 294 336 378 ] [ 0.79 0.74 1.34 0.96 1.26 0.98 0.79 ]
94 2 19 5069 7 [ 21 63 273 294 315 378 ] [ 0.68 0.79 1.29 0.92 1.31 0.90 0.73 ]
2 95 15 3831 7 [ 21 42 126 168 189 399 ] [ 0.71 0.82 1.19 1.04 1.35 0.96 0.70 ]
95 2 15 3831 7 [ 147 252 294 336 378 399 ] [ 0.61 0.71 1.04 0.84 1.09 0.74 0.62 ]
95 96 8 1948 7 [ 63 105 147 168 252 273 ] [ 0.55 0.90 1.38 1.19 1.20 0.82 0.70 ]
96 95 8 1948 7 [ 21 42 105 126 168 294 ] [ 0.51 0.77 1.32 1.19 1.36 0.96 0.68 ]
92 96 12 3062 7 [ 21 63 147 168 231 399 ] [ 0.79 0.75 1.37 0.94 1.25 0.99 0.54 ]
96 92 12 3062 7 [ 21 126 168 210 273 315 ] [ 0.57 0.78 1.11 0.85 1.31 0.93 0.68 ]
90 98 4 762 7 [ 21 189 210 252 294 315 ] [ 0.57 0.87 1.10 0.87 1.01 0.76 0.62 ]
98 90 4 762 7 [ 42 63 105 210 336 357 ] [ 0.68 0.86 1.09 0.82 1.33 0.95 0.57 ]
97 98 17 4437 7 [ 21 42 63 126 336 357 ] [ 0.61 0.81 1.35 1.10 1.11 0.70 0.65 ]
98 97 17 4437 7 [ 63 84 105 126 210 231 ] [ 0.68 0.73 1.05 0.97 1.00 0.93 0.80 ]
96 97 2 400 7 [ 21 63 189 273 294 378 ] [ 0.66 0.86 1.11 0.93 1.22 0.88 0.67 ]
97 96 2 400 7 [ 63 126 252 273 294 336 ] [ 0.57 0.70 1.05 1.00 1.36 0.83 0.68 ]
95 99 14 3661 7 [ 147 210 231 294 336 357 ] [ 0.77 0.98 1.24 0.87 1.01 0.94 0.53 ]
99 95 14 3661 7 [ 63 126 168 273 294 315 ] [ 0.69 0.76 1.32 0.82 1.31 0.85 0.50 ]
99 1 7 1562 7 [ 42 147 168 252 294 315 ] [ 0.53 0.90 1.32 1.03 1.11 0.92 0.70 ]
1 99 7 1562 7 [ 105 147 168 189 210 378 ] [ 0.67 0.87 1.17 1.12 1.12 0.87 0.63 ]
86 100 6 1423 7 [ 105 168 189 315 336 399 ] [ 0.78 0.83 1.02 0.80 1.19 0.97 0.60 ]
100 86 6 1423 7 [ 63 105 189 210 231 252 ] [ 0.70 0.73 1.26 0.99 1.05 0.77 0.63 ]
100 101 4 715 7 [ 21 63 210 231 294 336 ] [ 0.51 0.92 1.27 0.83 1.29 0.84 0.74 ]
101 100 4 715 7 [ 21 42 84 168 252 315 ] [ 0.67 0.78 1.25 0.82 1.37 0.93 0.52 ]
101 102 3 572 7 [ 63 126 168 210 252 378 ] [ 0.68 0.72 1.33 1.06 1.08 0.88 0.69 ]
102 101 3 572 7 [ 21 210 231 252 273 357 ] [ 0.64 0.91 1.39 0.85 1.13 0.79 0.68 ]
102 103 11 2681 7 [ 21 42 168 273 336 399 ] [ 0.58 0.77 1.29 0.87 1.28 1.00 0.71 ]
103 102 11 2681 7 [ 84 189 252 315 336 399 ] [ 0.56 0.86 1.25 1.09 1.07 0.86 0.79 ]
103 104 6 1298 7 [ 21 105 231 315 336 357 ] [ 0.67 0.78 1.27 1.05 1.16 0.87 0.53 ]
104 103 6 1298 7 [ 168 210 294 315 336 378 ] [ 0.56 0.78 1.02 0.81 1.08 0.85 0.72 ]
104 105 6 1451 7 [ 105 210 231 357 378 399 ] [ 0.62 0.85 1.21 0.98 1.29 0.89 0.74 ]
105 104 6 1451 7 [ 84 168 252 273 315 378 ] [ 0.78 0.70 1.16 0.87 1.24 0.76 0.61 ]
104 106 5 982 7 [ 105 147 273 336 357 378 ] [ 0.65 0.87 1.39 0.82 1.05 0.85 0.54 ]
106 104 5 982 7 [ 21 63 84 126 168 336 ] [ 0.76 0.82 1.37 0.81 1.21 0.70 0.63 ]
106 107 3 497 7 [ 42 63 126 315 336 399 ] [ 0.58 0.89 1.19 1.14 1.31 0.71 0.65 ]
107 106 3 497 7 [ 42 126 189 210 315 336 ] [ 0.60 0.76 1.39 1.07 1.32 0.73 0.66 ]
107 105 3 630 7 [ 42 147 168 252 336 357 ] [ 0.54 0.98 1.31 0.95 1.18 0.94 0.69 ]
105 107 3 630 7 [ 63 84 126 231 252 336 ] [ 0.65 0.95 1.12 0.84 1.40 0.84 0.55 ]
107 108 6 1268 7 [ 42 84 231 252 315 357 ] [ 0.54 0.99 1.31 0.85 1.15 0.85 0.73 ]
108 107 6 1268 7 [ 42 189 273 336 357 399 ] [ 0.62 0.93 1.19 0.97 1.20 0.97 0.54 ]
106 108 5 1078 7 [ 21 84 126 189 336 399 ] [ 0.52 0.89 1.16 0.94 1.34 0.73 0.53 ]
108 106 5 1078 7 [ 42 105 210 231 315 399 ] [ 0.66 0.83 1.36 1.06 1.08 0.73 0.53 ]
108 109 7 1724 7 [ 126 210 252 273 336 399 ] [ 0.79 0.87 1.14 1.01 1.26 0.75 0.55 ]
109 108 7 1724 7 [ 42 63 126 189 315 336 ] [ 0.55 0.83 1.32 1.18 1.36 0.81 0.63 ]
101 110 3 436 7 [ 84 126 231 294 357 378 ] [ 0.68 0.74 1.18 0.99 1.32 1.00 0.50 ]
110 101 3 436 7 [ 63 84 189 210 273 378 ] [ 0.73 0.85 1.29 1.19 1.10 0.85 0.77 ]
110 102 2 212 7 [ 21 42 168 189 357 399 ] [ 0.78 0.92 1.04 0.92 1.28 0.75 0.64 ]
102 110 2 212 7 [ 42 63 126 273 294 315 ] [ 0.76 0.71 1.35 0.91 1.01 0.84 0.66 ]
100 111 13 3207 7 [ 63 147 252 336 357 399 ] [ 0.67 0.85 1.08 1.10 1.33 0.81 0.71 ]
111 100 13 3207 7 [ 84 105 126 273 294 357 ] [ 0.57 0.87 1.07 0.84 1.19 0.73 0.66 ]
111 112 3 580 7 [ 42 63 84 105 294 336 ] [ 0.57 0.89 1.16 0.84 1.09 0.86 0.78 ]
112 111 3 580 7 [ 105 147 189 210 273 357 ] [ 0.56 0.78 1.23 0.99 1.04 0.88 0.50 ]
112 113 5 1204 7 [ 21 168 189 231 252 273 ] [ 0.75 0.93 1.04 0.99 1.16 0.80 0.53 ]
113 112 5 1204 7 [ 21 42 105 126 357 399 ] [ 0.69 0.92 1.23 0.95 1.09 0.91 0.75 ]
110 113 8 2014 7 [ 21 84 126 294 378 399 ] [ 0.67 0.96 1.20 1.17 1.14 0.71 0.55 ]
113 110 8 2014 7 [ 105 126 168 252 273 336 ] [ 0.75 0.84 1.19 0.80 1.11 0.83 0.73 ]
103 113 12 3092 7 [ 42 147 231 252 294 378 ] [ 0.78 0.93 1.01 1.07 1.20 0.78 0.60 ]
113 103 12 3092 7 [ 126 168 210 231 294 399 ] [ 0.55 0.78 1.24 1.13 1.04 0.84 0.79 ]
112 114 9 2331 7 [ 42 105 126 189 273 357 ] [ 0.58 0.95 1.26 1.12 1.10 0.97 0.71 ]
114 112 9 2331 7 [ 42 189 231 273 336 357 ] [ 0.58 0.90 1.14 0.93 1.34 0.84 0.72 ]
98 111 10 2533 7 [ 147 210 273 294 336 357 ] [ 0.62 0.80 1.08 0.83 1.08 0.94 0.72 ]
111 98 10 2533 7 [ 63 84 189 210 252 357 ] [ 0.54 0.79 1.30 1.04 1.04 0.73 0.74 ]
114 98 8 1971 7 [ 63 147 210 273 315 357 ] [ 0.78 0.77 1.13 1.13 1.00 0.82 0.66 ]
98 114 8 1971 7 [ 21 210 294 336 357 399 ] [ 0.58 0.75 1.40 1.01 1.15 0.77 0.76 ]
114 115 2 304 7 [ 42 84 105 210 336 378 ] [ 0.78 0.83 1.01 0.95 1.32 0.90 0.69 ]
115 114 2 304 7 [ 147 168 231 315 357 399 ] [ 0.75 0.71 1.06 1.19 1.28 0.94 0.74 ]
115 116 19 4996 7 [ 42 63 168 294 336 399 ] [ 0.56 0.71 1.23 1.10 1.24 0.81 0.66 ]
116 115 19 4996 7 [ 63 126 147 273 315 336 ] [ 0.60 0.74 1.36 0.84 1.05 0.73 0.62 ]
105 117 6 1300 7 [ 42 168 315 336 357 378 ] [ 0.63 0.88 1.01 1.13 1.29 0.95 0.72 ]
117 105 6 1300 7 [ 42 147 231 294 357 399 ] [ 0.75 0.99 1.20 1.00 1.06 0.77 0.78 ]
116 117 9 2279 7 [ 21 147 189 210 336 357 ] [ 0.67 0.77 1.39 1.00 1.11 0.80 0.62 ]
117 116 9 2279 7 [ 105 189 210 252 357 399 ] [ 0.72 0.71 1.14 0.99 1.14 0.96 0.56 ]
117 118 15 3922 7 [ 105 126 147 210 273 357 ] [ 0.58 0.75 1.09 0.87 1.05 0.93 0.76 ]
118 117 15 3922 7 [ 42 105 168 231 315 336 ] [ 0.77 0.94 1.40 1.08 1.40 0.97 0.70 ]
116 118 3 691 7 [ 63 126 168 336 357 378 ] [ 0.67 0.98 1.11 1.09 1.31 0.95 0.51 ]
118 116 3 691 7 [ 42 105 147 168 210 252 ] [ 0.76 0.72 1.39 1.17 1.33 0.86 0.67 ]
118 119 26 7060 7 [ 63 84 147 189 357 378 ] [ 0.56 0.80 1.05 0.87 1.21 0.81 0.63 ]
119 118 26 7060 7 [ 42 63 168 189 336 399 ] [ 0.65 0.72 1.29 1.05 1.01 0.92 0.64 ]
116 120 12 3157 7 [ 42 105 168 231 252 336 ] [ 0.56 0.99 1.02 1.07 1.22 0.75 0.60 ]
120 116 12 3157 7 [ 21 63 84 147 315 399 ] [ 0.66 0.87 1.28 1.18 1.26 0.83 0.71 ]
120 121 11 2760 7 [ 21 147 189 231 336 399 ] [ 0.65 0.74 1.03 0.82 1.27 0.87 0.54 ]
121 120 11 2760 7 [ 42 63 231 252 378 399 ] [ 0.74 0.75 1.12 1.19 1.03 0.88 0.70 ]
121 122 4 843 7 [ 21 210 273 315 378 399 ] [ 0.56 0.95 1.37 1.16 1.13 0.73 0.62 ]
122 121 4 843 7 [ 21 42 63 189 210 273 ] [ 0.55 0.70 1.26 1.18 1.18 0.72 0.71 ]
115 122 17 4529 7 [ 42 63 147 210 294 336 ] [ 0.62 0.87 1.05 0.82 1.35 0.74 0.52 ]
122 115 17 4529 7 [ 42 63 105 126 147 315 ] [ 0.74 0.85 1.34 0.88 1.15 0.71 0.68 ]
121 123 4 910 7 [ 21 63 105 210 315 399 ] [ 0.68 0.95 1.36 0.88 1.26 0.76 0.72 ]
123 121 4 910 7 [ 84 147 168 273 294 336 ] [ 0.62 0.88 1.08 0.99 1.07 0.79 0.70 ]
122 123 3 542 7 [ 21 63 126 210 252 399 ] [ 0.77 0.89 1.37 1.02 1.36 0.91 0.79 ]
123 122 3 542 7 [ 21 84 210 231 294 357 ] [ 0.80 0.81 1.18 0.84 1.35 0.86 0.66 ]
123 124 6 1486 7 [ 21 105 252 315 336 399 ] [ 0.57 0.79 1.09 0.91 1.02 0.87 0.63 ]
124 123 6 1486 7 [ 42 105 210 273 315 357 ] [ 0.73 0.87 1.16 0.87 1.10 0.72 0.61 ]
124 125 3 490 7 [ 42 168 252 273 294 357 ] [ 0.61 0.71 1.14 0.83 1.03 0.88 0.50 ]
125 124 3 490 7 [ 126 189 252 273 315 378 ] [ 0.64 0.86 1.03 0.92 1.19 0.89 0.61 ]
125 126 7 1720 7 [ 147 252 273 315 378 399 ] [ 0.52 0.86 1.21 0.96 1.18 0.98 0.69 ]
126 125 7 1720 7 [ 63 126 147 189 273 336 ] [ 0.68 0.94 1.06 0.94 1.27 0.92 0.54 ]
97 126 14 3483 7 [ 63 84 126 147 168 252 ] [ 0.62 0.82 1.16 0.89 1.36 0.91 0.52 ]
126 97 14 3483 7 [ 42 189 273 294 315 378 ] [ 0.71 0.94 1.08 1.06 1.12 0.75 0.62 ]
126 127 4 904 7 [ 63 147 168 231 273 315 ] [ 0.54 0.71 1.33 0.95 1.19 0.90 0.79 ]
127 126 4 904 7 [ 63 126 168 231 315 399 ] [ 0.66 0.90 1.02 0.93 1.01 0.75 0.75 ]
127 128 2 304 7 [ 63 84 105 126 189 357 ] [ 0.68 0.79 1.08 1.06 1.22 0.91 0.74 ]
128 127 2 304 7 [ 63 147 231 273 336 357 ] [ 0.74 0.71 1.16 1.07 1.28 0.83 0.66 ]
128 129 4 708 7 [ 21 63 147 168 273 399 ] [ 0.66 0.92 1.15 0.82 1.38 0.92 0.65 ]
129 128 4 708 7 [ 168 189 210 273 357 378 ] [ 0.51 0.96 1.10 1.08 1.30 0.84 0.52 ]
129 130 9 2233 7 [ 42 168 210 273 336 357 ] [ 0.62 0.79 1.05 1.14 1.35 0.71 0.76 ]
130 129 9 2233 7 [ 42 126 252 273 294 399 ] [ 0.54 0.78 1.07 1.09 1.33 0.88 0.79 ]
130 99 3 506 7 [ 63 84 126 168 252 378 ] [ 0.61 0.71 1.10 1.08 1.22 0.88 0.57 ]
99 130 3 506 7 [ 21 105 168 210 231 273 ] [ 0.68 0.74 1.20 1.01 1.04 0.87 0.67 ]
131 99 3 572 7 [ 21 42 63 189 210 357 ] [ 0.76 0.98 1.26 0.83 1.34 0.77 0.55 ]
99 131 3 572 7 [ 21 84 147 273 315 378 ] [ 0.76 0.89 1.03 0.91 1.16 0.91 0.51 ]
131 130 2 305 7 [ 42 105 168 189 357 378 ] [ 0.59 0.94 1.14 0.96 1.31 0.99 0.53 ]
130 131 2 305 7 [ 63 126 168 294 357 399 ] [ 0.66 0.72 1.14 1.13 1.21 0.91 0.62 ]
131 132 8 2066 7 [ 147 168 210 231 252 273 ] [ 0.69 0.95 1.31 1.17 1.20 0.93 0.52 ]
132 131 8 2066 7 [ 21 105 126 231 294 336 ] [ 0.61 0.98 1.37 1.20 1.38 0.83 0.60 ]
132 133 2 272 7 [ 63 105 126 168 189 378 ] [ 0.76 0.78 1.09 0.82 1.11 0.86 0.80 ]
133 132 2 272 7 [ 21 84 105 168 231 294 ] [ 0.59 0.88 1.21 1.17 1.11 0.74 0.76 ]
132 134 7 1588 7 [ 126 147 210 231 252 357 ] [ 0.69 0.81 1.12 0.84 1.19 0.92 0.74 ]
134 132 7 1588 7 [ 84 105 189 231 294 336 ] [ 0.56 0.77 1.34 1.15 1.29 0.92 0.54 ]
134 135 7 1753 7 [ 105 231 294 315 336 357 ] [ 0.73 0.78 1.26 1.08 1.15 0.86 0.59 ]
135 134 7 1753 7 [ 21 189 231 294 357 378 ] [ 0.70 0.84 1.32 1.20 1.20 0.87 0.50 ]
135 136 6 1378 7 [ 21 84 168 315 336 399 ] [ 0.55 0.99 1.19 0.91 1.01 0.98 0.80 ]
136 135 6 1378 7 [ 147 168 210 231 252 399 ] [ 0.76 0.99 1.09 1.19 1.19 0.97 0.78 ]
136 129 3 547 7 [ 42 63 84 126 168 273 ] [ 0.55 0.74 1.29 0.83 1.36 0.98 0.79 ]
129 136 3 547 7 [ 42 105 210 252 273 357 ] [ 0.72 0.86 1.34 1.13 1.31 0.99 0.56 ]
136 137 2 224 7 [ 63 84 147 210 252 336 ] [ 0.64 0.72 1.32 1.00 1.05 0.81 0.58 ]
137 136 2 224 7 [ 21 147 189 231 252 357 ] [ 0.54 0.98 1.21 1.08 1.25 0.85 0.63 ]
137 138 2 251 7 [ 42 168 189 210 294 336 ] [ 0.77 0.98 1.15 1.09 1.13 0.83 0.79 ]
138 137 2 251 7 [ 21 126 210 252 273 315 ] [ 0.59 0.89 1.11 1.01 1.19 0.86 0.78 ]
137 128 3 424 7 [ 63 147 168 273 294 336 ] [ 0.72 0.76 1.34 1.04 1.22 0.77 0.64 ]
128 137 3 424 7 [ 84 231 273 294 336 378 ] [ 0.59 0.80 1.36 1.09 1.07 0.85 0.50 ]
138 127 3 589 7 [ 147 168 273 294 336 357 ] [ 0.65 0.97 1.08 0.92 1.12 0.83 0.59 ]
127 138 3 589 7 [ 63 105 168 189 231 378 ] [ 0.71 0.94 1.38 0.91 1.38 0.85 0.72 ]
138 139 4 772 7 [ 42 84 126 147 189 378 ] [ 0.60 0.71 1.07 1.07 1.30 0.76 0.75 ]
139 138 4 772 7 [ 21 126 273 336 378 399 ] [ 0.74 0.98 1.33 1.14 1.28 0.81 0.56 ]
139 140 5 1138 7 [ 21 84 189 294 315 336 ] [ 0.56 0.78 1.11 1.07 1.09 0.78 0.55 ]
140 139 5 1138 7 [ 42 84 105 147 168 231 ] [ 0.77 0.87 1.19 1.11 1.15 0.88 0.54 ]
139 141 2 394 7 [ 21 42 126 168 189 399 ] [ 0.67 0.72 1.07 1.00 1.12 0.98 0.57 ]
141 139 2 394 7 [ 21 84 210 231 294 399 ] [ 0.52 0.81 1.37 0.82 1.19 0.97 0.73 ]
140 141 6 1308 7 [ 21 105 126 189 231 399 ] [ 0.63 0.95 1.30 0.98 1.35 0.73 0.69 ]
141 140 6 1308 7 [ 84 126 210 231 378 399 ] [ 0.57 0.84 1.30 1.02 1.30 0.77 0.56 ]
141 142 36 9647 7 [ 84 126 147 210 294 378 ] [ 0.73 0.76 1.06 1.19 1.10 0.87 0.70 ]
142 141 36 9647 7 [ 63 84 126 168 273 315 ] [ 0.52 0.76 1.18 0.81 1.12 0.72 0.56 ]
142 143 11 2703 7 [ 42 147 168 189 273 399 ] [ 0.63 0.87 1.06 0.97 1.37 0.78 0.58 ]
143 142 11 2703 7 [ 84 126 210 273 294 336 ] [ 0.61 0.86 1.21 1.18 1.10 0.71 0.55 ]
142 144 6 1451 7 [ 84 105 147 168 252 336 ] [ 0.56 0.97 1.29 1.06 1.35 0.83 0.77 ]
144 142 6 1451 7 [ 42 147 210 252 273 315 ] [ 0.68 0.75 1.17 0.88 1.01 0.98 0.62 ]
144 145 13 3385 7 [ 21 168 189 231 252 357 ] [ 0.78 0.99 1.20 0.97 1.20 0.97 0.76 ]
145 144 13 3385 7 [ 105 168 294 315 357 399 ] [ 0.58 0.71 1.14 0.83 1.27 0.85 0.63 ]
135 145 3 604 7 [ 42 63 84 126 252 378 ] [ 0.55 0.80 1.11 0.92 1.35 0.94 0.55 ]
145 135 3 604 7 [ 21 189 231 273 294 357 ] [ 0.62 0.92 1.24 0.99 1.33 0.96 0.52 ]
145 146 8 1812 7 [ 105 126 210 252 294 399 ] [ 0.57 0.95 1.39 1.03 1.04 0.79 0.69 ]
146 145 8 1812 7 [ 63 231 273 315 357 378 ] [ 0.60 0.90 1.25 1.06 1.07 0.72 0.72 ]
134 146 6 1406 7 [ 63 84 168 189 273 336 ] [ 0.70 0.85 1.32 0.85 1.15 0.74 0.61 ]
146 134 6 1406 7 [ 42 84 126 147 273 294 ] [ 0.64 0.76 1.34 0.99 1.25 0.94 0.62 ]
146 147 7 1533 7 [ 126 168 231 294 336 378 ] [ 0.67 0.76 1.09 1.09 1.04 0.87 0.73 ]
147 146 7 1533 7 [ 21 105 210 231 336 378 ] [ 0.53 0.87 1.14 0.98 1.10 0.94 0.60 ]
147 148 4 697 7 [ 126 147 168 189 252 315 ] [ 0.67 0.77 1.13 0.97 1.03 0.93 0.79 ]
148 147 4 697 7 [ 42 147 168 294 378 399 ] [ 0.63 0.75 1.27 1.05 1.29 0.94 0.73 ]
144 147 4 796 7 [ 84 231 315 336 357 378 ] [ 0.71 0.96 1.25 1.02 1.19 1.00 0.75 ]
147 144 4 796 7 [ 21 42 63 273 315 357 ] [ 0.55 0.78 1.32 0.95 1.15 0.89 0.68 ]
140 149 3 547 7 [ 21 105 126 210 273 378 ] [ 0.61 0.77 1.12 0.85 1.10 0.85 0.68 ]
149 140 3 547 7 [ 63 84 147 273 336 399 ] [ 0.69 0.79 1.21 0.98 1.24 0.80 0.53 ]
149 125 4 842 7 [ 126 168 210 231 273 357 ] [ 0.64 0.76 1.35 1.05 1.25 0.90 0.54 ]
125 149 4 842 7 [ 147 189 252 315 357 399 ] [ 0.74 0.89 1.35 0.87 1.11 0.98 0.73 ]
149 124 4 881 7 [ 105 147 273 294 315 357 ] [ 0.75 0.87 1.12 1.20 1.29 0.85 0.67 ]
124 149 4 881 7 [ 42 63 210 231 252 378 ] [ 0.71 0.91 1.38 0.87 1.31 0.92 0.52 ]
149 150 2 364 7 [ 42 147 273 294 315 378 ] [ 0.65 0.87 1.08 1.16 1.01 0.82 0.66 ]
150 149 2 364 7 [ 147 168 210 252 294 378 ] [ 0.71 0.80 1.20 1.14 1.31 0.91 0.59 ]
254 149 3 477 7 [ 63 84 147 168 294 399 ] [ 0.64 0.92 1.16 1.09 1.29 0.84 0.73 ]
149 254 3 477 7 [ 105 147 189 252 294 399 ] [ 0.73 0.86 1.29 1.02 1.13 1.00 0.73 ]
150 151 4 736 7 [ 21 42 84 126 147 357 ] [ 0.75 0.96 1.03 0.94 1.19 0.98 0.77 ]
151 150 4 736 7 [ 84 147 231 294 315 336 ] [ 0.68 0.76 1.04 1.07 1.36 0.74 0.72 ]
151 124 5 971 7 [ 63 84 105 168 336 378 ] [ 0.70 0.96 1.03 1.00 1.30 0.71 0.74 ]
124 151 5 971 7 [ 21 42 84 105 189 294 ] [ 0.70 0.72 1.18 0.81 1.20 0.93 0.74 ]
150 152 6 1253 7 [ 84 105 126 147 189 336 ] [ 0.75 0.85 1.32 1.11 1.18 0.94 0.74 ]
152 150 6 1253 7 [ 21 42 147 168 189 210 ] [ 0.61 0.76 1.18 0.81 1.18 0.77 0.74 ]
151 152 3 636 7 [ 21 105 147 294 315 399 ] [ 0.59 0.94 1.38 1.05 1.14 0.80 0.57 ]
152 151 3 636 7 [ 21 42 84 168 210 231 ] [ 0.56 0.79 1.04 0.91 1.28 0.78 0.76 ]
152 153 3 500 7 [ 42 168 189 231 252 378 ] [ 0.57 0.75 1.24 0.85 1.12 0.95 0.71 ]
153 152 3 500 7 [ 84 147 210 294 336 399 ] [ 0.75 0.85 1.10 1.05 1.11 0.75 0.56 ]
151 154 10 2376 7 [ 84 105 126 231 315 336 ] [ 0.59 0.92 1.20 0.89 1.10 0.70 0.60 ]
154 151 10 2376 7 [ 21 63 84 210 273 378 ] [ 0.66 0.89 1.19 0.85 1.23 0.99 0.70 ]
120 154 17 4308 7 [ 63 126 147 189 210 273 ] [ 0.56 0.95 1.08 1.04 1.27 0.74 0.77 ]
154 120 17 4308 7 [ 63 84 105 210 252 336 ] [ 0.63 0.83 1.10 1.10 1.21 0.96 0.60 ]
154 155 9 2120 7 [ 63 168 294 315 357 399 ] [ 0.78 0.83 1.29 1.08 1.04 0.71 0.64 ]
155 154 9 2120 7 [ 84 105 126 231 315 357 ] [ 0.67 0.77 1.04 0.91 1.34 0.82 0.61 ]
155 156 6 1295 7 [ 21 63 84 231 294 378 ] [ 0.57 0.95 1.30 1.09 1.20 0.81 0.50 ]
156 155 6 1295 7 [ 21 84 147 189 210 357 ] [ 0.63 0.74 1.03 1.03 1.27 0.83 0.57 ]
153 156 12 3174 7 [ 42 63 105 210 252 399 ] [ 0.51 0.94 1.08 1.07 1.21 0.84 0.60 ]
156 153 12 3174 7 [ 63 189 252 273 294 357 ] [ 0.73 0.73 1.24 0.86 1.17 0.71 0.62 ]
153 157 7 1764 7 [ 21 42 105 126 294 315 ] [ 0.70 0.99 1.36 1.06 1.30 0.84 0.72 ]
157 153 7 1764 7 [ 21 42 63 84 210 336 ] [ 0.52 0.81 1.29 0.84 1.01 0.98 0.60 ]
157 158 2 334 7 [ 126 189 252 294 378 399 ] [ 0.65 0.97 1.12 1.00 1.26 0.78 0.63 ]
158 157 2 334 7 [ 63 84 147 252 294 399 ] [ 0.50 0.81 1.25 0.82 1.06 1.00 0.51 ]
157 159 7 1652 7 [ 126 168 189 210 336 357 ] [ 0.74 0.81 1.10 1.13 1.10 0.94 0.60 ]
159 157 7 1652 7 [ 63 84 105 252 273 315 ] [ 0.69 0.97 1.13 1.11 1.20 0.77 0.60 ]
158 159 5 1090 7 [ 21 126 168 210 273 378 ] [ 0.67 0.89 1.09 1.09 1.11 0.82 0.78 ]
159 158 5 1090 7 [ 126 189 210 231 252 315 ] [ 0.72 0.96 1.29 0.99 1.06 0.70 0.50 ]
158 160 20 5318 7 [ 21 147 231 294 378 399 ] [ 0.64 0.78 1.34 1.00 1.07 0.89 0.55 ]
160 158 20 5318 7 [ 21 147 231 315 336 399 ] [ 0.75 0.92 1.18 0.85 1.33 0.90 0.74 ]
155 161 8 1937 7 [ 63 105 126 231 273 336 ] [ 0.55 0.70 1.09 0.92 1.16 0.91 0.55 ]
161 155 8 1937 7 [ 42 84 126 168 189 336 ] [ 0.76 0.83 1.14 1.01 1.09 0.77 0.59 ]
161 119 3 528 7 [ 21 84 315 336 357 399 ] [ 0.71 0.94 1.11 0.87 1.13 0.93 0.62 ]
119 161 3 528 7 [ 63 105 210 252 336 399 ] [ 0.70 0.80 1.40 1.16 1.16 0.77 0.52 ]
161 162 10 2444 7 [ 42 105 126 189 210 252 ] [ 0.54 0.95 1.06 1.12 1.18 0.88 0.66 ]
162 161 10 2444 7 [ 21 84 105 168 189 336 ] [ 0.63 0.72 1.35 1.01 1.26 0.97 0.78 ]
156 162 9 2208 7 [ 42 105 168 189 294 378 ] [ 0.56 0.99 1.15 1.10 1.25 0.96 0.72 ]
162 156 9 2208 7 [ 21 63 126 210 231 357 ] [ 0.76 0.91 1.20 0.96 1.18 1.00 0.68 ]
156 160 16 4163 7 [ 63 84 105 210 378 399 ] [ 0.62 0.99 1.24 0.94 1.33 0.77 0.74 ]
160 156 16 4163 7 [ 21 105 189 210 252 294 ] [ 0.78 0.71 1.22 1.01 1.26 0.85 0.72 ]
160 163 3 650 7 [ 21 126 147 231 294 357 ] [ 0.69 0.86 1.32 0.95 1.39 0.81 0.71 ]
163 160 3 650 7 [ 42 63 126 252 357 378 ] [ 0.55 0.80 1.04 1.11 1.10 0.82 0.52 ]
163 164 4 783 7 [ 84 105 147 231 315 399 ] [ 0.76 0.99 1.08 1.10 1.33 0.79 0.56 ]
164 163 4 783 7 [ 84 105 126 147 294 378 ] [ 0.50 0.94 1.27 1.13 1.28 0.80 0.60 ]
160 164 3 567 7 [ 189 210 231 252 273 294 ] [ 0.63 0.88 1.06 1.08 1.20 0.71 0.64 ]
164 160 3 567 7 [ 42 63 84 126 294 315 ] [ 0.73 0.82 1.24 0.86 1.34 0.98 0.61 ]
164 165 5 1114 7 [ 21 63 84 189 231 273 ] [ 0.64 0.92 1.39 0.82 1.19 0.75 0.55 ]
165 164 5 1114 7 [ 105 147 189 210 336 378 ] [ 0.58 0.90 1.33 1.00 1.29 0.78 0.74 ]
165 166 5 1191 7 [ 21 126 168 336 378 399 ] [ 0.63 0.76 1.12 1.02 1.11 0.96 0.53 ]
166 165 5 1191 7 [ 189 210 273 336 357 399 ] [ 0.72 0.77 1.35 1.17 1.30 0.72 0.61 ]
166 162 3 638 7 [ 63 147 210 252 357 399 ] [ 0.78 0.72 1.22 0.83 1.11 0.83 0.61 ]
162 166 3 638 7 [ 105 126 147 168 273 378 ] [ 0.73 0.82 1.16 0.82 1.38 0.86 0.79 ]
166 167 4 906 7 [ 21 63 84 168 315 399 ] [ 0.69 0.95 1.35 1.19 1.13 0.85 0.58 ]
167 166 4 906 7 [ 21 42 63 105 168 294 ] [ 0.62 0.80 1.07 0.87 1.29 0.88 0.63 ]
162 167 6 1474 7 [ 21 42 105 147 294 399 ] [ 0.79 0.72 1.11 0.96 1.03 0.78 0.66 ]
167 162 6 1474 7 [ 42 63 126 168 294 357 ] [ 0.65 0.97 1.38 1.10 1.34 0.95 0.72 ]
163 168 25 6561 7 [ 63 84 168 273 315 357 ] [ 0.66 0.85 1.11 1.03 1.09 0.91 0.76 ]
168 163 25 6561 7 [ 189 210 231 336 357 399 ] [ 0.66 0.89 1.24 1.01 1.19 0.71 0.78 ]
119 169 13 3454 7 [ 63 84 105 126 168 336 ] [ 0.76 0.97 1.02 1.18 1.01 0.83 0.67 ]
169 119 13 3454 7 [ 63 126 168 210 273 336 ] [ 0.61 0.96 1.27 0.99 1.25 0.75 0.52 ]
169 170 5 971 7 [ 42 63 147 168 189 336 ] [ 0.76 0.93 1.16 0.90 1.02 0.70 0.77 ]
170 169 5 971 7 [ 168 189 210 336 378 399 ] [ 0.74 0.96 1.23 1.00 1.07 0.98 0.71 ]
170 171 4 886 7 [ 84 252 294 315 336 399 ] [ 0.77 0.76 1.19 0.84 1.06 0.72 0.61 ]
171 170 4 886 7 [ 84 105 147 189 273 336 ] [ 0.76 0.91 1.21 0.90 1.26 0.97 0.56 ]
171 172 3 430 7 [ 21 63 168 210 294 378 ] [ 0.76 1.00 1.11 1.05 1.12 0.85 0.59 ]
172 171 3 430 7 [ 21 42 84 231 273 378 ] [ 0.78 0.92 1.11 1.05 1.14 0.99 0.52 ]
170 254 5 1041 7 [ 105 189 231 273 294 336 ] [ 0.56 0.92 1.18 1.19 1.25 0.85 0.61 ]
254 170 5 1041 7 [ 84 105 126 315 378 399 ] [ 0.78 0.73 1.12 1.00 1.30 0.89 0.70 ]
169 173 18 4804 7 [ 126 147 168 231 273 336 ] [ 0.57 0.88 1.25 0.80 1.38 0.71 0.62 ]
173 169 18 4804 7 [ 147 168 294 315 357 399 ] [ 0.51 0.91 1.21 1.00 1.17 0.91 0.58 ]
165 174 4 696 7 [ 42 147 168 231 336 399 ] [ 0.54 0.93 1.29 1.16 1.24 0.91 0.57 ]
174 165 4 696 7 [ 21 105 210 231 273 399 ] [ 0.54 0.86 1.38 1.19 1.03 0.81 0.65 ]
174 175 4 859 7 [ 84 168 231 252 336 357 ] [ 0.71 0.92 1.38 0.92 1.31 0.72 0.74 ]
175 174 4 859 7 [ 84 168 231 273 336 378 ] [ 0.58 0.81 1.04 1.15 1.35 0.85 0.70 ]
167 175 2 271 7 [ 63 84 189 252 378 399 ] [ 0.80 0.75 1.10 1.00 1.12 0.75 0.53 ]
175 167 2 271 7 [ 21 42 168 357 378 399 ] [ 0.56 0.89 1.05 1.19 1.01 0.75 0.65 ]
175 176 6 1324 7 [ 210 273 294 315 357 399 ] [ 0.60 0.89 1.01 0.83 1.31 0.95 0.59 ]
176 175 6 1324 7 [ 63 105 147 210 294 399 ] [ 0.78 0.99 1.25 1.03 1.21 0.80 0.79 ]
176 174 7 1596 7 [ 21 42 105 231 252 399 ] [ 0.69 0.86 1.37 1.18 1.38 0.71 0.60 ]
174 176 7 1596 7 [ 84 168 189 231 378 399 ] [ 0.69 0.79 1.11 0.95 1.22 0.83 0.70 ]
165 177 13 3419 7 [ 21 63 126 189 231 378 ] [ 0.77 0.81 1.39 0.82 1.08 0.73 0.69 ]
177 165 13 3419 7 [ 63 126 147 210 273 336 ] [ 0.54 0.95 1.10 1.03 1.39 0.70 0.67 ]
177 178 8 1982 7 [ 42 126 210 273 315 357 ] [ 0.60 0.92 1.12 1.11 1.15 0.83 0.58 ]
178 177 8 1982 7 [ 21 189 231 252 294 336 ] [ 0.71 0.91 1.16 1.02 1.31 0.88 0.69 ]
178 179 8 2073 7 [ 63 147 252 294 315 357 ] [ 0.51 0.93 1.36 1.01 1.26 0.94 0.72 ]
179 178 8 2073 7 [ 63 84 147 231 294 399 ] [ 0.52 1.00 1.08 1.02 1.33 0.96 0.52 ]
179 176 6 1362 7 [ 147 210 252 336 357 399 ] [ 0.60 0.88 1.38 1.18 1.35 0.89 0.79 ]
176 179 6 1362 7 [ 63 168 189 231 294 399 ] [ 0.56 0.72 1.12 0.82 1.06 1.00 0.57 ]
179 180 4 957 7 [ 126 168 189 231 357 399 ] [ 0.61 0.80 1.17 0.97 1.19 0.99 0.71 ]
180 179 4 957 7 [ 21 84 273 294 315 378 ] [ 0.62 0.84 1.22 1.13 1.37 0.92 0.77 ]
176 180 9 2086 7 [ 42 168 231 273 294 378 ] [ 0.50 0.97 1.02 1.06 1.07 0.76 0.69 ]
180 176 9 2086 7 [ 21 105 126 210 357 378 ] [ 0.57 0.75 1.23 0.85 1.37 0.99 0.77 ]
180 181 4 748 7 [ 42 105 189 210 252 378 ] [ 0.65 0.86 1.18 0.83 1.32 0.81 0.79 ]
181 180 4 748 7 [ 126 168 231 252 315 378 ] [ 0.56 0.84 1.22 0.98 1.22 0.98 0.58 ]
181 173 5 1231 7 [ 84 147 168 189 252 399 ] [ 0.71 0.79 1.22 1.03 1.02 0.90 0.54 ]
173 181 5 1231 7 [ 63 168 189 252 294 336 ] [ 0.77 0.97 1.16 1.01 1.33 0.83 0.72 ]
173 182 4 783 7 [ 21 147 189 210 252 273 ] [ 0.74 0.80 1.32 0.93 1.33 0.86 0.67 ]
182 173 4 783 7 [ 63 105 126 231 336 399 ] [ 0.70 0.90 1.10 0.97 1.04 0.94 0.70 ]
182 178 6 1316 7 [ 210 273 294 336 357 399 ] [ 0.59 0.72 1.34 1.16 1.07 0.71 0.73 ]
178 182 6 1316 7 [ 63 84 147 189 231 336 ] [ 0.63 0.85 1.27 0.97 1.16 0.88 0.72 ]
178 183 7 1731 7 [ 42 84 147 189 315 378 ] [ 0.54 0.87 1.25 0.98 1.14 0.86 0.70 ]
183 178 7 1731 7 [ 42 63 84 105 189 273 ] [ 0.74 0.95 1.24 0.86 1.08 0.71 0.64 ]
183 184 6 1499 7 [ 105 189 252 336 357 378 ] [ 0.54 0.72 1.40 1.09 1.38 0.90 0.68 ]
184 183 6 1499 7 [ 63 84 126 147 252 273 ] [ 0.76 0.89 1.19 1.12 1.19 0.72 0.67 ]
177 184 9 2259 7 [ 105 168 189 231 315 336 ] [ 0.67 0.76 1.07 1.08 1.15 0.72 0.75 ]
184 177 9 2259 7 [ 42 105 126 315 357 378 ] [ 0.74 0.97 1.35 0.88 1.25 0.88 0.63 ]
184 185 12 3109 7 [ 21 126 231 315 357 378 ] [ 0.64 0.91 1.34 0.96 1.26 0.87 0.65 ]
185 184 12 3109 7 [ 21 84 231 252 315 378 ] [ 0.74 0.85 1.38 0.94 1.29 0.83 0.74 ]
184 252 13 3422 7 [ 63 168 189 231 273 399 ] [ 0.80 0.83 1.40 0.95 1.31 0.94 0.74 ]
252 184 13 3422 7 [ 21 147 168 231 336 357 ] [ 0.62 0.77 1.08 1.09 1.20 0.82 0.57 ]
183 186 6 1452 7 [ 42 63 147 252 357 399 ] [ 0.80 0.73 1.09 0.87 1.19 0.96 0.54 ]
186 183 6 1452 7 [ 42 105 168 210 336 357 ] [ 0.80 0.77 1.15 1.03 1.05 0.72 0.66 ]
185 186 6 1269 7 [ 21 168 189 294 336 378 ] [ 0.59 0.74 1.10 1.11 1.13 0.89 0.76 ]
186 185 6 1269 7 [ 42 84 273 315 336 357 ] [ 0.54 0.97 1.31 1.14 1.23 0.79 0.64 ]
186 187 12 3112 7 [ 42 126 210 231 336 378 ] [ 0.55 0.87 1.24 1.02 1.19 0.72 0.73 ]
187 186 12 3112 7 [ 42 231 252 294 315 336 ] [ 0.51 0.79 1.27 1.01 1.30 0.76 0.74 ]
187 173 9 2136 7 [ 147 168 252 273 336 357 ] [ 0.53 0.72 1.27 1.08 1.21 0.80 0.61 ]
173 187 9 2136 7 [ 21 42 63 105 126 273 ] [ 0.72 0.71 1.08 0.84 1.38 0.78 0.52 ]
187 188 4 755 7 [ 21 42 105 210 336 378 ] [ 0.70 0.93 1.35 0.89 1.38 0.86 0.51 ]
188 187 4 755 7 [ 21 63 84 147 189 273 ] [ 0.71 0.96 1.15 0.95 1.23 0.75 0.61 ]
188 189 10 2565 7 [ 42 105 147 189 210 315 ] [ 0.72 0.72 1.01 1.15 1.13 0.95 0.57 ]
189 188 10 2565 7 [ 21 105 126 168 357 399 ] [ 0.63 0.73 1.15 1.00 1.09 0.76 0.64 ]
188 190 4 792 7 [ 84 252 294 315 336 378 ] [ 0.77 0.74 1.38 1.02 1.24 0.74 0.63 ]
190 188 4 792 7 [ 84 147 168 189 252 399 ] [ 0.55 0.81 1.00 0.91 1.28 0.72 0.67 ]
190 191 5 1231 7 [ 21 84 105 147 357 378 ] [ 0.54 0.87 1.13 1.08 1.16 0.83 0.80 ]
191 190 5 1231 7 [ 105 126 147 252 294 399 ] [ 0.58 0.97 1.15 1.04 1.08 0.93 0.63 ]
190 192 5 1090 7 [ 63 84 126 252 315 378 ] [ 0.52 0.99 1.31 1.03 1.22 0.82 0.66 ]
192 190 5 1090 7 [ 21 84 168 231 294 336 ] [ 0.66 0.70 1.25 0.89 1.05 0.80 0.65 ]
191 192 3 582 7 [ 105 168 189 210 231 357 ] [ 0.57 0.92 1.11 0.89 1.02 0.82 0.51 ]
192 191 3 582 7 [ 21 42 63 84 231 378 ] [ 0.65 0.94 1.15 0.81 1.30 0.91 0.80 ]
189 193 13 3251 7 [ 105 168 231 273 357 399 ] [ 0.80 0.88 1.26 1.00 1.40 0.85 0.68 ]
193 189 13 3251 7 [ 42 210 273 294 336 378 ] [ 0.71 0.72 1.39 0.82 1.06 0.84 0.72 ]
193 194 2 376 7 [ 63 84 126 273 315 336 ] [ 0.77 0.91 1.37 1.17 1.12 0.91 0.54 ]
194 193 2 376 7 [ 21 126 147 252 294 357 ] [ 0.50 0.88 1.16 0.97 1.37 0.75 0.57 ]
194 195 2 292 7 [ 42 105 126 168 189 336 ] [ 0.78 0.79 1.17 0.87 1.21 0.72 0.64 ]
195 194 2 292 7 [ 21 126 231 336 357 399 ] [ 0.67 0.84 1.36 1.20 1.09 0.82 0.55 ]
194 196 2 301 7 [ 21 147 231 273 357 399 ] [ 0.56 0.71 1.32 0.89 1.28 0.92 0.57 ]
196 194 2 301 7 [ 21 42 105 147 231 294 ] [ 0.60 0.84 1.17 0.97 1.09 0.72 0.56 ]
185 196 13 3261 7 [ 63 252 273 336 378 399 ] [ 0.71 0.89 1.17 0.80 1.07 0.84 0.70 ]
196 185 13 3261 7 [ 105 168 231 294 315 378 ] [ 0.79 0.95 1.38 1.04 1.18 0.74 0.57 ]
196 197 2 309 7 [ 21 63 189 252 336 399 ] [ 0.78 0.81 1.22 1.17 1.35 0.94 0.79 ]
197 196 2 309 7 [ 21 42 63 147 189 294 ] [ 0.62 1.00 1.39 1.16 1.25 0.87 0.68 ]
195 197 2 206 7 [ 21 105 126 231 252 336 ] [ 0.58 0.84 1.31 1.16 1.38 0.78 0.69 ]
197 195 2 206 7 [ 42 84 126 168 210 315 ] [ 0.72 0.83 1.12 0.80 1.07 0.84 0.61 ]
197 198 13 3240 7 [ 84 189 231 252 294 336 ] [ 0.54 0.73 1.29 0.82 1.24 0.96 0.59 ]
198 197 13 3240 7 [ 42 84 126 273 315 399 ] [ 0.63 0.82 1.17 1.08 1.37 0.84 0.75 ]
195 198 12 3076 7 [ 42 147 189 210 252 378 ] [ 0.65 0.95 1.15 1.16 1.02 0.78 0.80 ]
198 195 12 3076 7 [ 168 231 252 273 357 378 ] [ 0.64 0.77 1.30 1.15 1.03 0.99 0.58 ]
198 199 10 2518 7 [ 84 105 126 147 294 315 ] [ 0.68 0.86 1.21 1.12 1.35 0.88 0.74 ]
199 198 10 2518 7 [ 84 105 231 294 378 399 ] [ 0.57 0.99 1.14 0.91 1.32 0.99 0.66 ]
199 200 4 950 7 [ 84 126 189 273 294 399 ] [ 0.74 0.76 1.35 1.19 1.27 0.93 0.53 ]
200 199 4 950 7 [ 147 168 231 252 336 357 ] [ 0.77 0.77 1.24 0.81 1.10 0.94 0.69 ]
199 201 4 937 7 [ 63 105 168 210 252 273 ] [ 0.53 0.79 1.38 0.87 1.02 0.77 0.60 ]
201 199 4 937 7 [ 21 84 126 147 231 336 ] [ 0.61 0.96 1.00 1.03 1.30 0.97 0.63 ]
200 201 2 402 7 [ 63 84 105 294 315 378 ] [ 0.62 0.75 1.33 0.97 1.34 0.99 0.50 ]
201 200 2 402 7 [ 21 42 147 231 315 399 ] [ 0.52 0.80 1.19 1.09 1.32 0.85 0.61 ]
201 202 7 1544 7 [ 21 84 168 336 378 399 ] [ 0.51 0.76 1.23 0.98 1.36 0.71 0.52 ]
202 201 7 1544 7 [ 21 105 147 168 231 399 ] [ 0.62 0.92 1.09 1.02 1.20 0.89 0.63 ]
202 203 11 2782 7 [ 21 105 126 189 315 357 ] [ 0.60 0.84 1.40 1.16 1.25 0.84 0.60 ]
203 202 11 2782 7 [ 21 105 189 210 294 357 ] [ 0.58 0.75 1.24 0.90 1.28 0.99 0.60 ]
202 250 20 5204 7 [ 21 168 273 294 378 399 ] [ 0.75 0.88 1.39 0.96 1.30 0.93 0.69 ]
250 202 20 5204 7 [ 42 105 126 273 357 378 ] [ 0.66 0.93 1.36 1.16 1.05 0.77 0.68 ]
251 250 9 2237 7 [ 147 189 252 294 336 378 ] [ 0.61 0.89 1.19 1.18 1.22 0.73 0.69 ]
250 251 9 2237 7 [ 105 147 189 210 231 378 ] [ 0.73 0.86 1.16 1.15 1.23 0.78 0.52 ]
251 203 7 1611 7 [ 42 147 189 231 273 336 ] [ 0.52 0.88 1.37 1.03 1.11 0.74 0.57 ]
203 251 7 1611 7 [ 42 147 189 231 357 399 ] [ 0.57 0.85 1.29 0.88 1.21 0.95 0.66 ]
203 204 9 2263 7 [ 42 63 105 189 378 399 ] [ 0.62 0.81 1.20 0.87 1.03 0.85 0.63 ]
204 203 9 2263 7 [ 84 105 168 252 294 357 ] [ 0.73 0.80 1.28 0.81 1.01 0.77 0.58 ]
200 205 4 883 7 [ 147 210 231 315 336 399 ] [ 0.78 0.83 1.18 0.84 1.03 0.88 0.50 ]
205 200 4 883 7 [ 21 105 126 189 231 273 ] [ 0.68 0.76 1.32 1.06 1.17 0.79 0.55 ]
205 204 10 2489 7 [ 42 63 105 147 294 378 ] [ 0.54 0.75 1.06 1.13 1.10 0.75 0.65 ]
204 205 10 2489 7 [ 21 42 105 168 273 336 ] [ 0.76 0.89 1.03 1.17 1.00 0.94 0.63 ]
204 206 8 1895 7 [ 63 84 210 252 336 357 ] [ 0.51 0.82 1.39 1.16 1.04 0.87 0.62 ]
206 204 8 1895 7 [ 84 105 189 273 294 315 ] [ 0.62 0.96 1.12 1.20 1.31 0.96 0.62 ]
206 207 11 2848 7 [ 84 168 189 273 294 336 ] [ 0.67 0.94 1.26 1.17 1.27 0.80 0.55 ]
207 206 11 2848 7 [ 42 105 168 273 357 378 ] [ 0.65 0.90 1.14 0.89 1.04 0.73 0.53 ]
207 208 13 3369 7 [ 105 147 168 336 357 378 ] [ 0.63 0.95 1.07 0.91 1.36 0.72 0.75 ]
208 207 13 3369 7 [ 21 63 168 210 252 273 ] [ 0.76 0.85 1.33 0.87 1.10 0.72 0.75 ]
208 209 6 1518 7 [ 105 126 210 273 315 378 ] [ 0.53 0.90 1.20 1.20 1.13 0.88 0.67 ]
209 208 6 1518 7 [ 147 210 273 294 315 399 ] [ 0.69 0.86 1.38 0.92 1.28 0.99 0.50 ]
209 210 2 364 7 [ 63 147 189 231 294 336 ] [ 0.76 0.73 1.32 1.16 1.34 0.88 0.65 ]
210 209 2 364 7 [ 21 42 252 315 336 399 ] [ 0.79 0.90 1.02 0.83 1.17 0.79 0.56 ]
209 211 18 4722 7 [ 42 105 126 147 336 357 ] [ 0.52 0.87 1.30 1.08 1.12 0.72 0.68 ]
211 209 18 4722 7 [ 21 42 168 315 357 399 ] [ 0.64 0.81 1.35 1.16 1.11 0.93 0.65 ]
206 211 22 5738 7 [ 42 168 273 336 378 399 ] [ 0.54 0.82 1.37 1.00 1.08 0.89 0.71 ]
211 206 22 5738 7 [ 21 126 189 210 378 399 ] [ 0.78 0.88 1.02 0.85 1.00 0.80 0.62 ]
205 212 7 1700 7 [ 63 147 189 294 315 399 ] [ 0.65 0.71 1.01 0.95 1.37 0.81 0.50 ]
212 205 7 1700 7 [ 21 147 189 231 273 294 ] [ 0.73 0.77 1.12 0.87 1.21 0.75 0.73 ]
212 213 6 1250 7 [ 42 84 189 252 273 357 ] [ 0.51 0.74 1.38 1.09 1.28 0.80 0.64 ]
213 212 6 1250 7 [ 21 42 84 273 294 357 ] [ 0.61 0.92 1.11 0.82 1.07 0.80 0.60 ]
212 214 7 1561 7 [ 21 126 189 252 273 357 ] [ 0.65 0.71 1.33 1.14 1.20 0.90 0.80 ]
214 212 7 1561 7 [ 42 105 147 189 231 378 ] [ 0.60 0.94 1.02 0.98 1.38 0.98 0.72 ]
213 214 6 1265 7 [ 63 105 126 210 231 294 ] [ 0.58 0.78 1.04 1.08 1.04 0.75 0.76 ]
214 213 6 1265 7 [ 21 63 231 252 336 399 ] [ 0.61 0.87 1.11 1.14 1.09 0.72 0.72 ]
213 215 24 6400 7 [ 126 189 210 273 294 357 ] [ 0.62 0.98 1.27 0.94 1.29 0.84 0.68 ]
215 213 24 6400 7 [ 84 210 294 315 336 378 ] [ 0.69 0.82 1.18 0.83 1.01 0.74 0.54 ]
215 216 9 2285 7 [ 42 105 168 189 210 252 ] [ 0.58 0.81 1.22 1.13 1.12 0.87 0.67 ]
216 215 9 2285 7 [ 105 147 189 336 357 378 ] [ 0.67 0.98 1.31 0.82 1.04 0.79 0.56 ]
253 217 8 1829 7 [ 84 105 189 252 273 315 ] [ 0.66 0.75 1.38 1.18 1.12 0.88 0.76 ]
217 253 8 1829 7 [ 21 84 126 189 210 378 ] [ 0.61 0.83 1.08 1.19 1.35 0.88 0.67 ]
217 218 7 1659 7 [ 147 168 252 273 315 399 ] [ 0.67 0.71 1.01 1.04 1.30 0.87 0.74 ]
218 217 7 1659 7 [ 21 126 231 294 336 399 ] [ 0.53 0.76 1.30 1.04 1.27 0.94 0.54 ]
218 219 6 1320 7 [ 63 105 126 168 294 357 ] [ 0.56 0.76 1.36 0.80 1.27 0.89 0.52 ]
219 218 6 1320 7 [ 42 84 105 126 336 399 ] [ 0.56 0.82 1.30 1.11 1.15 0.82 0.67 ]
218 215 6 1346 7 [ 21 42 63 147 231 273 ] [ 0.67 0.77 1.19 0.83 1.03 0.91 0.68 ]
215 218 6 1346 7 [ 105 147 294 315 336 357 ] [ 0.65 0.98 1.14 1.18 1.13 1.00 0.74 ]
214 220 18 4667 7 [ 42 63 84 105 189 336 ] [ 0.51 0.87 1.06 0.89 1.36 0.99 0.54 ]
220 214 18 4667 7 [ 42 84 147 168 273 315 ] [ 0.53 0.83 1.07 1.07 1.07 0.83 0.66 ]
220 221 3 532 7 [ 42 84 147 168 231 315 ] [ 0.67 0.97 1.20 1.10 1.29 0.87 0.56 ]
221 220 3 532 7 [ 63 84 168 315 357 399 ] [ 0.61 0.76 1.10 0.85 1.11 0.73 0.79 ]
221 222 4 695 7 [ 21 63 105 210 315 378 ] [ 0.65 0.86 1.14 0.82 1.37 0.93 0.53 ]
222 221 4 695 7 [ 84 147 189 210 315 399 ] [ 0.64 0.83 1.08 0.96 1.04 0.96 0.52 ]
220 223 7 1716 7 [ 147 189 231 252 357 378 ] [ 0.61 0.78 1.04 0.92 1.00 0.83 0.65 ]
223 220 7 1716 7 [ 21 84 168 210 252 336 ] [ 0.75 0.77 1.38 0.90 1.29 0.94 0.58 ]
221 224 4 931 7 [ 105 126 189 315 357 378 ] [ 0.68 0.84 1.05 1.14 1.19 0.90 0.79 ]
224 221 4 931 7 [ 42 105 210 294 357 399 ] [ 0.77 0.84 1.20 1.05 1.39 0.93 0.63 ]
223 224 3 545 7 [ 21 105 147 315 336 357 ] [ 0.67 0.87 1.33 1.09 1.39 0.91 0.65 ]
224 223 3 545 7 [ 84 147 231 273 336 378 ] [ 0.76 0.88 1.08 1.12 1.18 0.74 0.65 ]
223 225 4 745 7 [ 63 105 147 273 294 336 ] [ 0.63 0.96 1.31 0.92 1.19 0.82 0.72 ]
225 223 4 745 7 [ 126 210 231 252 273 357 ] [ 0.67 0.88 1.37 0.88 1.25 0.89 0.55 ]
222 224 5 1070 7 [ 21 42 147 168 210 252 ] [ 0.67 0.99 1.19 1.18 1.30 0.84 0.68 ]
224 222 5 1070 7 [ 147 189 210 357 378 399 ] [ 0.60 0.83 1.05 1.15 1.20 0.99 0.55 ]
222 226 5 1133 7 [ 105 210 231 294 336 399 ] [ 0.53 0.98 1.03 0.88 1.27 0.77 0.66 ]
226 222 5 1133 7 [ 63 126 168 252 294 399 ] [ 0.62 0.86 1.09 0.90 1.37 0.85 0.55 ]
226 227 13 3200 7 [ 21 63 84 210 252 294 ] [ 0.73 0.76 1.24 1.18 1.16 0.89 0.79 ]
227 226 13 3200 7 [ 42 105 189 273 294 336 ] [ 0.55 0.96 1.06 1.11 1.26 0.86 0.80 ]
222 228 11 2680 7 [ 84 126 210 252 336 357 ] [ 0.75 0.84 1.22 1.00 1.30 0.97 0.58 ]
228 222 11 2680 7 [ 63 84 189 210 294 357 ] [ 0.71 0.93 1.26 0.93 1.20 0.94 0.67 ]
228 229 3 418 7 [ 84 147 189 315 336 357 ] [ 0.77 0.86 1.36 0.98 1.10 0.95 0.68 ]
229 228 3 418 7 [ 105 126 210 252 273 357 ] [ 0.77 0.81 1.38 0.93 1.24 0.89 0.80 ]
229 230 2 326 7 [ 42 84 105 231 252 336 ] [ 0.74 0.97 1.12 0.98 1.27 0.81 0.63 ]
230 229 2 326 7 [ 42 147 189 294 357 399 ] [ 0.61 0.91 1.15 1.09 1.26 0.90 0.77 ]
228 230 2 220 7 [ 21 63 126 168 210 357 ] [ 0.50 0.93 1.19 0.99 1.18 0.82 0.52 ]
230 228 2 220 7 [ 126 147 168 273 378 399 ] [ 0.57 0.86 1.20 0.82 1.03 0.86 0.72 ]
230 231 6 1412 7 [ 21 84 105 231 336 357 ] [ 0.71 0.89 1.01 0.85 1.29 0.81 0.65 ]
231 230 6 1412 7 [ 126 168 189 210 273 336 ] [ 0.78 0.70 1.28 0.98 1.02 0.76 0.52 ]
231 232 16 4093 7 [ 147 168 231 252 294 378 ] [ 0.76 0.90 1.39 0.84 1.20 0.78 0.50 ]
232 231 16 4093 7 [ 126 147 189 336 378 399 ] [ 0.66 0.79 1.35 0.82 1.31 0.95 0.75 ]
232 233 15 4007 7 [ 42 105 168 231 252 315 ] [ 0.52 0.81 1.03 1.16 1.34 0.97 0.51 ]
233 232 15 4007 7 [ 63 84 252 273 315 357 ] [ 0.62 0.71 1.38 0.88 1.39 0.87 0.59 ]
232 254 2 354 7 [ 42 63 126 210 357 399 ] [ 0.72 0.93 1.14 1.19 1.19 0.75 0.76 ]
254 232 2 354 7 [ 84 105 147 189 210 231 ] [ 0.56 0.74 1.21 1.01 1.08 0.91 0.67 ]
231 233 27 7275 7 [ 42 63 126 189 231 252 ] [ 0.58 0.97 1.21 1.09 1.15 0.79 0.59 ]
233 231 27 7275 7 [ 84 231 252 273 315 357 ] [ 0.66 0.85 1.23 1.00 1.27 0.86 0.64 ]
229 234 13 3445 7 [ 63 105 126 273 294 357 ] [ 0.54 0.79 1.22 0.81 1.07 0.76 0.59 ]
234 229 13 3445 7 [ 63 126 168 315 336 378 ] [ 0.78 0.95 1.34 1.09 1.04 0.85 0.80 ]
234 235 7 1645 7 [ 84 210 294 315 357 399 ] [ 0.54 0.92 1.25 0.83 1.24 0.85 0.68 ]
235 234 7 1645 7 [ 189 231 294 336 378 399 ] [ 0.52 0.75 1.14 0.93 1.32 0.89 0.64 ]
235 236 5 1063 7 [ 21 42 84 105 231 399 ] [ 0.65 0.78 1.30 1.13 1.28 0.84 0.55 ]
236 235 5 1063 7 [ 63 126 252 273 336 357 ] [ 0.67 0.73 1.25 0.92 1.32 0.97 0.64 ]
235 237 7 1669 7 [ 84 105 126 189 294 378 ] [ 0.68 0.83 1.25 0.96 1.08 0.92 0.55 ]
237 235 7 1669 7 [ 84 126 168 252 273 315 ] [ 0.61 0.92 1.39 1.12 1.40 0.86 0.61 ]
237 192 4 901 7 [ 21 63 105 126 252 315 ] [ 0.67 0.90 1.10 1.10 1.32 0.86 0.70 ]
192 237 4 901 7 [ 84 105 126 189 231 378 ] [ 0.69 0.86 1.32 0.91 1.36 0.72 0.61 ]
237 238 5 1077 7 [ 63 147 189 210 294 378 ] [ 0.51 0.75 1.29 1.14 1.26 0.93 0.78 ]
238 237 5 1077 7 [ 21 63 84 105 252 378 ] [ 0.66 0.98 1.34 0.82 1.15 0.76 0.72 ]
238 234 6 1426 7 [ 126 189 210 252 315 336 ] [ 0.64 0.82 1.21 0.83 1.37 0.86 0.78 ]
234 238 6 1426 7 [ 21 189 210 231 273 378 ] [ 0.62 0.85 1.23 1.10 1.07 0.86 0.51 ]
234 239 9 2205 7 [ 42 84 105 126 168 336 ] [ 0.57 0.70 1.33 0.92 1.24 0.79 0.62 ]
239 234 9 2205 7 [ 42 84 168 273 315 399 ] [ 0.51 0.97 1.23 0.87 1.25 0.92 0.67 ]
239 240 11 2880 7 [ 21 105 126 147 189 399 ] [ 0.64 0.77 1.38 0.80 1.22 0.94 0.72 ]
240 239 11 2880 7 [ 42 126 147 252 315 378 ] [ 0.62 0.99 1.25 1.01 1.16 0.78 0.76 ]
238 240 6 1392 7 [ 21 84 210 252 315 336 ] [ 0.69 0.73 1.13 1.18 1.31 0.83 0.69 ]
240 238 6 1392 7 [ 84 105 168 189 252 357 ] [ 0.67 0.92 1.35 0.82 1.36 0.83 0.69 ]
240 241 6 1248 7 [ 105 189 231 294 357 399 ] [ 0.72 0.83 1.28 1.06 1.03 0.91 0.57 ]
241 240 6 1248 7 [ 21 63 84 210 273 336 ] [ 0.63 0.96 1.33 1.00 1.26 0.88 0.73 ]
241 191 2 403 7 [ 21 147 168 210 294 399 ] [ 0.77 0.84 1.33 0.88 1.11 0.91 0.80 ]
191 241 2 403 7 [ 42 105 189 315 336 399 ] [ 0.62 0.71 1.39 1.15 1.39 0.75 0.58 ]
241 242 7 1690 7 [ 21 42 84 189 252 399 ] [ 0.70 0.77 1.35 0.85 1.32 0.75 0.77 ]
242 241 7 1690 7 [ 21 147 168 210 273 294 ] [ 0.70 0.72 1.36 1.04 1.05 0.87 0.61 ]
240 242 5 1217 7 [ 21 63 210 273 357 399 ] [ 0.51 0.89 1.22 0.96 1.27 0.88 0.63 ]
242 240 5 1217 7 [ 168 189 273 294 378 399 ] [ 0.80 0.97 1.04 0.93 1.08 0.71 0.67 ]
242 243 7 1580 7 [ 84 210 273 294 378 399 ] [ 0.71 0.71 1.33 0.81 1.06 0.71 0.70 ]
243 242 7 1580 7 [ 42 84 147 231 252 336 ] [ 0.68 0.96 1.10 1.05 1.02 0.73 0.54 ]
242 244 7 1752 7 [ 42 168 189 252 336 378 ] [ 0.64 0.78 1.20 1.02 1.24 0.72 0.54 ]
244 242 7 1752 7 [ 42 84 105 147 231 357 ] [ 0.79 0.71 1.36 1.08 1.36 0.98 0.55 ]
243 244 3 620 7 [ 21 63 105 210 336 378 ] [ 0.79 0.95 1.35 0.92 1.04 0.90 0.64 ]
244 243 3 620 7 [ 105 126 168 252 378 399 ] [ 0.65 0.78 1.12 0.83 1.10 0.74 0.50 ]
243 193 5 1198 7 [ 126 147 189 210 273 336 ] [ 0.64 0.84 1.02 1.00 1.08 0.77 0.75 ]
193 243 5 1198 7 [ 21 63 126 189 315 357 ] [ 0.55 0.74 1.00 1.05 1.14 0.81 0.73 ]
244 245 20 5203 7 [ 42 84 168 231 294 399 ] [ 0.78 0.79 1.01 0.89 1.33 0.89 0.73 ]
245 244 20 5203 7 [ 21 63 105 147 336 357 ] [ 0.55 0.92 1.17 0.87 1.28 0.76 0.62 ]
245 214 6 1326 7 [ 21 84 189 210 231 357 ] [ 0.68 0.92 1.17 0.86 1.04 0.88 0.80 ]
214 245 6 1326 7 [ 21 42 147 336 357 399 ] [ 0.65 0.81 1.27 0.90 1.30 0.75 0.55 ]
245 246 11 2680 7 [ 42 105 126 189 273 378 ] [ 0.57 0.79 1.02 0.97 1.14 0.85 0.67 ]
246 245 11 2680 7 [ 63 210 231 252 273 336 ] [ 0.60 0.75 1.01 0.80 1.09 0.84 0.54 ]
246 247 8 2068 7 [ 126 189 210 252 357 399 ] [ 0.55 0.75 1.16 1.19 1.22 0.73 0.67 ]
247 246 8 2068 7 [ 21 126 231 336 357 378 ] [ 0.60 0.81 1.21 0.84 1.16 0.85 0.75 ]
244 247 11 2904 7 [ 42 105 147 189 231 378 ] [ 0.64 0.72 1.09 0.91 1.24 0.88 0.62 ]
247 244 11 2904 7 [ 126 147 231 273 294 399 ] [ 0.56 0.86 1.12 0.89 1.29 0.76 0.74 ]
247 248 3 624 7 [ 126 147 168 189 210 378 ] [ 0.66 0.71 1.13 0.84 1.05 0.91 0.74 ]
248 247 3 624 7 [ 21 84 189 231 252 336 ] [ 0.55 0.83 1.21 1.17 1.05 0.98 0.61 ]
248 239 4 876 7 [ 21 63 105 168 189 252 ] [ 0.52 0.71 1.30 0.91 1.24 0.98 0.59 ]
239 248 4 876 7 [ 105 210 231 252 336 399 ] [ 0.50 0.87 1.30 0.90 1.15 0.77 0.79 ]
248 249 8 1840 7 [ 21 42 126 147 252 294 ] [ 0.79 0.74 1.20 0.95 1.30 0.77 0.72 ]
249 248 8 1840 7 [ 126 147 189 357 378 399 ] [ 0.59 0.84 1.39 0.96 1.33 0.89 0.57 ]
246 249 6 1432 7 [ 42 63 105 168 231 336 ] [ 0.72 0.98 1.28 0.80 1.21 0.81 0.77 ]
249 246 6 1432 7 [ 168 231 252 294 357 399 ] [ 0.64 0.71 1.08 0.97 1.31 0.98 0.52 ]
249 228 4 812 7 [ 21 63 84 126 336 399 ] [ 0.68 0.97 1.11 1.00 1.18 1.00 0.78 ]
228 249 4 812 7 [ 21 42 63 168 210 378 ] [ 0.66 0.92 1.06 1.15 1.38 0.76 0.80 ]
221 246 11 2857 7 [ 147 210 231 273 336 378 ] [ 0.73 0.76 1.09 1.02 1.05 0.96 0.61 ]
246 221 11 2857 7 [ 21 42 63 126 273 294 ] [ 0.59 0.71 1.22 1.11 1.38 0.71 0.61 ]
211 253 4 775 7 [ 21 63 126 189 231 357 ] [ 0.51 0.71 1.11 1.12 1.34 0.94 0.70 ]
253 211 4 775 7 [ 105 126 189 231 336 357 ] [ 0.52 0.76 1.13 0.91 1.33 0.96 0.59 ]
216 253 2 381 7 [ 42 84 147 273 315 378 ] [ 0.52 0.81 1.28 1.15 1.04 0.86 0.65 ]
253 216 2 381 7 [ 21 63 168 210 252 273 ] [ 0.76 0.84 1.08 1.19 1.10 0.98 0.54 ]
